4.43777113834
5.0
3.75
4.16666666667
4.16666666667
4.16666666667
4.16666666667
4.16666666667
5.0
3.94337567297
5.0
3.33333333333
5.0
4.66506350946
4.375
4.16666666667
5.0
4.16666666667
5.0
4.16666666667
4.54292562186
3.75
4.26776695297
5.0
5.0
4.16666666667
5.0
4.66506350946
5.0
3.52062072616
4.16666666667
4.16666666667
4.16666666667
4.16666666667
5.0
4.66506350946
3.75
4.78217732294
5.0
5.0
5.0
3.33333333333
4.16666666667
4.16666666667
4.16666666667
4.16666666667
4.16666666667
4.16666666667
4.16666666667
4.16666666667
4.66506350946
4.16666666667
4.4364916731
4.7360679775
5.0
4.16666666667
4.16666666667
4.16666666667
3.75
4.16666666667
4.16666666667
3.75
3.94337567297
5.0
4.54112929221
3.33333333333
4.16666666667
5.0
4.54124145232
4.66506350946
3.33333333333
3.75
5.0
5.0
3.52062072616
3.33333333333
4.66506350946
4.66506350946
5.0
4.16666666667
3.75
5.0
4.16666666667
4.16666666667
4.03092689281
4.66506350946
3.94337567297
5.0
4.16666666667
4.16666666667
3.75
3.33333333333
4.16666666667
4.16666666667
4.18328743426
4.17705098312
3.94337567297
5.0
4.32574185831
4.66506350946
3.33333333333
3.75
4.16666666667
4.66506350946
3.33333333333
4.54124145232
5.0
4.16666666667
3.94337567297
3.75
4.54124145232
4.54292562186
4.67448226554
4.0
3.68847799569
4.66506350946
5.0
4.66506350946
4.32724822538
4.16666666667
3.75
3.75
2.5
3.75
3.75
3.75
3.75
4.58425159885
3.33333333333
3.33333333333
3.33333333333
3.33333333333
5.0
4.7821773233
4.16666666667
4.55954216845
4.16666666667
4.16666666667
3.78970860532
4.16666666667
4.16666666667
4.53879508668
3.33333333333
4.16666970119
4.66506350946
4.16666666667
4.66506350946
5.0
3.94337567297
4.66506350946
3.94337567297
5.0
3.75
2.5
3.75
3.75
5.0
5.0
4.16666666667
3.33333333333
3.33333333333
4.16666666667
3.33333333333
4.16666666667
4.16666666667
3.33333333333
4.16666666667
4.66506350946
4.16666666667
3.33333333333
4.66506350946
4.54124145232
4.6616391999
4.375
4.58333333333
5.0
5.0
3.75
4.375
3.94337567297
3.33333333333
3.33333333333
3.33333333333
4.16666666667
4.16666666667
4.54124145232
3.75
3.75
2.5
3.75
4.54292562186
4.78066420277
4.78066420277
4.16666666667
3.94337567297
5.0
2.5
4.16666666667
4.54124145232
2.5
3.75
5.0
4.16666666667
4.66506350946
5.0
4.16666666667
4.16666666667
3.94337567297
4.16666666667
3.75
3.79099444874
4.16114336464
3.33333333333
4.16666666667
5.0
3.33333333333
5.0
4.16666666667
4.16666666667
3.33333333333
4.66506350946
4.54124145232
4.54124145232
4.16666666667
4.16666666667
4.5
4.17705098312
3.33333333333
3.75
4.16666666667
4.54124145232
4.66506350946
4.16666666667
3.33333333333
3.33333333333
3.33333333333
3.33333333333
4.66506350946
3.94337567297
4.54124145232
4.16666666667
3.61803398875
4.375
4.375
4.16666666667
3.61188112981
3.33333333333
4.54124145232
4.375
3.75
3.52062072616
3.86930639376
3.92625620181
2.5
4.16666666667
3.94337567311
4.16666666667
3.52062072616
4.16666666667
4.66506350946
4.16666666667
4.54123516809
3.94337567297
3.22168783649
3.33333297969
3.33333333333
4.16666666667
3.33333333333
4.16666666667
4.54124145232
4.66506350946
4.16666666667
3.33333333333
4.16666666667
4.16666666667
3.33333333333
4.17705098312
3.22168783649
3.33333333333
4.7360679775
3.86930639376
4.16666666667
3.94337567297
4.16666666667
3.22168783649
3.94337567297
4.375
3.52062072616
3.75
4.54124145232
4.43777113834
3.33333333333
3.33333333333
3.23014080669
3.75
4.32724822538
3.14806253302
4.16666666667
3.22168783649
2.5
3.33333333333
5.0
4.08118478836
3.94337567297
3.94337567297
3.94337567297
3.94337567297
3.56338575202
3.22168783649
3.33333333333
3.33333333333
4.54124145232
3.52062072616
4.17705098312
3.14549722437
3.22168783649
3.09120520809
4.39048680942
4.17815903252
4.16666666667
3.33333333333
3.94337567297
3.22168783649
3.52062072616
3.75
2.5
2.5
3.33333333333
3.33333333333
3.52062072616
2.5
3.33333333333
3.125
3.01199872905
4.16666666667
4.17815903252
4.17705098312
3.41287092918
5.0
3.78970860532
3.33333333333
4.16666666667
3.33333333333
4.54124145232
4.26776695297
3.94337567297
3.5
3.22168783649
3.33333333333
3.52062072616
3.52062072616
3.61635208472
2.5
3.52062072616
3.52062072616
3.33333333333
2.5
3.57966167215
3.22168783649
4.16620221322
4.66506350946
4.375
4.66506350946
3.33333333333
3.33333333333
2.5
2.5
3.11589357844
2.5
3.6543098979
2.5
3.33333333333
2.5
2.5
3.22168783649
3.22168783649
4.16666666667
3.22168783649
2.5
3.33333333333
3.33333333333
4.66506350946
3.22168783649
3.22168783649
2.5
4.54124145232
3.94337567297
3.68241041617
4.39471872115
4.32574185835
3.33333333333
2.5
3.33333333333
4.54124145232
3.33333333333
4.16666141696
3.33333333333
4.17705098312
4.68294613664
4.02614364488
4.17705098312
3.94337567297
3.990711985
3.52062072616
4.54124145232
4.03093108924
3.33333333333
3.94337567297
3.94337567297
3.94337567297
3.75
3.9367513782
3.5239974581
3.94337567297
3.94376952808
4.02034397839
3.94337567297
3.22168783649
4.54124145232
3.33333333333
3.94337567297
2.95916225555
3.01199872905
3.52062072616
2.5
3.33333333333
3.52062072616
2.5
2.5
4.69376522335
3.38388347648
4.07956399995
4.26776695297
3.67851130198
3.09120520809
2.5
4.7360679775
3.75
3.75
4.25182130363
3.79099444874
3.22168783649
3.33333333333
3.22168783649
4.66506350946
3.33333333333
3.52062072616
2.5
2.5
2.5
2.5
4.17705098312
2.5
3.52062072616
3.01199872905
3.94337567297
3.50272524216
3.77584310478
3.52062072616
3.94342512819
4.54124145232
3.52062072628
4.26776210735
3.52062072616
3.33333333333
3.22168783649
3.05901699437
4.16666666667
3.33333333333
3.22168783649
2.5
3.38388347648
2.5
3.9166923485
3.52062072616
4.08113883008
2.5
3.14549722437
2.5
2.5
4.42532380004
3.79099444874
2.5
3.33333333333
4.03472520082
3.22168783649
3.79099444874
4.66506350946
2.91666666667
3.09120520809
3.38388347648
2.5
3.76810429364
2.5
3.125
3.125
3.0
4.59164375386
3.83550383622
4.66506350946
3.14552383139
3.52062072616
4.4364916731
3.9440596598
3.94337567297
3.52062072616
3.52062072616
2.5
3.8693064239
3.22168783649
2.5
3.33333333333
4.08113883008
3.22168783649
4.54124145232
3.52062072616
4.10689144812
2.5
3.22168783649
2.5
2.5
3.52062072616
3.22168783649
3.52062072616
3.05901699437
4.66506350946
3.125
4.32724822538
3.52062072616
4.13585541753
3.125
2.94303700391
2.5
3.67655689926
4.32504998009
3.22168783649
3.22168783649
3.125
3.01157506694
3.33333333333
3.22168783649
2.5
2.5
2.5
3.33333333333
2.5
3.75
2.5
4.17705098312
2.5
2.5
3.14549722437
3.22168783649
2.5
4.25905720892
4.16666666667
3.22168783649
3.94337567297
3.38388347648
2.5
3.33333333333
3.82582521472
3.01513959603
4.26776695297
3.22168783649
3.125
2.5
3.05901699437
4.13585541753
3.29056941504
4.7360679775
2.5
3.22168783649
3.22168783649
4.54124145232
3.80380379752
3.67851130198
4.42396459265
3.94337567297
3.09120520809
3.14549722437
3.94337567297
3.05901699437
3.125
4.16666666667
3.82582521472
4.95705513472
3.22168783649
2.5
3.14549722437
3.75
4.04357601618
3.38388347648
2.5
2.5
3.22168783649
2.97797040231
3.63726381693
3.44491118252
3.38388347648
2.5
3.33333333333
3.33333333333
2.5
3.99029656521
2.5
3.33333333333
3.33287191127
3.94337567297
2.5
3.125
3.94337567297
3.38388347648
2.5
3.33333333333
2.5
3.33333333333
2.5
2.5
3.41287092918
3.38388347648
4.66506350946
2.5
2.5
2.5
2.5
2.5
3.61803398875
3.14549722437
3.94337567297
3.79099444874
3.22168783564
3.75
2.5
2.5
2.5
4.17815903252
2.5
2.5
2.5
2.5
3.61803398875
3.33333333333
3.22168783649
3.94337567297
2.5
2.5
3.125
3.125
2.5
3.52062072616
3.33333333333
3.28671730977
3.50011062965
3.82472450675
3.52062072616
2.5
3.52062072616
2.5
2.5
3.9166923485
2.5
3.125
3.75362601901
4.26776695297
2.5
3.22168783649
3.38388347648
2.5
2.99981503909
5.0
4.0256648906
3.14806253302
4.13585541753
4.18187079763
5.0
3.33333333333
3.14806253302
2.87012609574
3.09120520809
3.14549722437
2.5
3.91736677378
2.5
3.41135705534
2.99528392901
2.5
3.75
3.94337567297
2.5
3.14549722437
3.14549722437
3.22168783649
4.16620221322
3.29056941504
2.5
2.5
3.38607400783
4.26776695297
2.5
3.75
2.97245559126
3.65732466879
3.33333333333
2.5
4.2837571739
3.27151674981
3.33333333333
3.33333333333
3.22168783649
3.7598815767
2.5
2.5
2.5
3.22168783649
3.22168783649
2.5
2.5
2.92377464879
2.5
2.5
2.5
3.67851130198
2.5
2.5
3.29056941504
3.22168783649
2.5
3.08146174478
2.5
3.14806253302
3.79099444874
3.01031036308
2.5
2.5
2.5
4.17482771668
4.00653289769
2.97379446092
3.14549722437
3.22168783649
3.125
3.22168783649
2.5
2.5
2.5
2.5
2.5
3.22168783649
3.33333333333
