2.50410918372
2.36487133467
2.43186185412
2.45180405679
2.26178037851
2.50846184534
2.38532013712
2.29138882251
5.00000042214
2.610403784
5.00000048602
2.52213311313
5.00000006856
2.40086393008
2.20395616377
2.33252718825
4.9999999656
2.6422526669
4.9999999656
2.30853004646
2.58941677188
2.57539920485
2.56142674881
4.99999987113
5.00000008154
2.72694039806
4.99999973427
2.48993541683
4.99999998456
2.55604615778
2.33252718825
2.67517133972
2.39383974041
2.33252718825
5.00000020901
2.6055372221
2.45362873829
2.49129584618
4.99999981927
5.0000003611
5.0000002896
2.6158958938
2.53806501352
2.72694039806
2.72694039806
2.72694039806
2.59109606071
2.59109606071
2.72694039806
2.72694039806
2.53621962693
2.47262310802
2.67488081762
2.56352920705
5.00000029729
2.44999519335
2.53594364501
2.35850068162
2.36351809686
2.47367801162
2.22445127249
2.60507338718
2.6644366062
5.0000003611
2.44936912222
2.40802222574
2.5827689509
5.0000003611
2.45269687994
2.2777020631
2.47859218461
2.61817816367
4.99999989696
4.99999967532
2.17916370186
2.32690858262
2.39979859678
2.42267385611
4.99999941197
2.56944569692
2.79487304409
2.72306339791
2.65108894461
2.50473433889
2.24830511754
2.55618632535
2.57686590154
5.00000026955
2.49825873888
2.4578952075
2.62070486573
2.55011147763
2.359942736
2.53106157412
2.18971060892
2.25010491376
2.63062801694
5.00000023004
2.50514777262
2.50149182335
2.6579602766
2.48858440342
2.36832056923
2.76309839235
2.54001541391
2.33183722287
2.61003345544
2.22808913592
2.58337440928
2.60460929378
2.34191400573
2.68958831302
2.55194403938
2.48006262847
2.62228316271
2.28670872229
4.99999984803
2.58362165966
2.62451499419
2.51834042146
2.36921767784
2.38785594005
2.6055954282
2.43569191749
2.46635643956
2.28736714212
2.46635643956
2.7372904506
2.2176728281
2.45251358541
2.10412513851
2.2176728281
5.00000002209
2.47055260787
2.58047262866
2.42148515452
2.68017170926
2.72694039806
2.4839311641
2.57225950149
2.45783567474
2.29377404108
2.36797391108
2.22182304105
2.45095434479
2.42442580631
2.31034985344
2.49206480452
2.59197995502
2.31034985344
2.78590596644
5.00000022477
2.62243208775
2.71409768978
2.45491712829
2.42677555525
5.00000001093
5.00000020913
2.55734881721
2.50518670531
2.50518670531
2.325279648
2.51367539343
2.36740976337
2.65255569334
2.59643255938
2.48367602335
2.47458847061
2.55724279936
2.70103203461
2.34220534326
2.45631857302
2.56459526357
2.42261472764
2.55668536885
5.0000003611
2.47051900455
2.38049621268
2.56503850023
2.38563686872
2.4130031549
2.53011515046
2.56023166501
2.36827995971
2.49649895344
2.6438901896
2.57820202069
2.57820202069
2.61768432569
2.50802302333
2.71359538683
2.57267222035
2.409521697
2.45662716883
2.70149968239
5.0000004036
2.55394615056
2.46817049228
2.60713594731
2.68106924903
2.33059255674
5.0000003611
2.72254966467
2.50847383021
5.00000008861
2.36058902424
2.53106157412
2.51573331608
2.51253647085
2.71185272584
2.48089437817
2.46405768874
2.41914892337
2.36114298515
4.99999999042
2.44456893781
2.65190766075
2.31378824647
2.33474646256
2.47328961543
2.55246105902
2.31771819315
2.4677594276
2.56540597793
2.29138882251
2.56626876495
2.43136581528
2.38930609648
2.49835935328
2.44380714944
2.61430749296
2.40768057303
2.32090084967
2.37569787995
2.55611030668
2.52110547337
2.29547138705
2.55879189375
2.35634026296
2.60287639066
2.46085803209
2.44966588911
2.35522506218
2.49525934841
2.55627963334
2.44395298009
2.38165477652
2.69130247307
2.75438170035
2.49252994045
2.49727790956
2.57681717565
2.44511267412
2.46619662656
2.12899031112
2.65488473419
2.36827995971
2.63464951642
2.53106157412
2.6055372221
2.32940410719
2.41800961015
2.39176698391
2.28913695399
2.47646460341
2.49387093055
2.54403649616
2.33693837933
2.70015064771
2.5050819719
2.37852164831
2.72642617644
2.50838160332
2.4415704325
2.33252718825
2.71375828664
2.99325753268
2.55182641973
2.35106917358
2.4876481832
2.6776065287
2.57554443888
2.31535869591
2.35086472932
2.19606471074
2.7089268643
2.33083316845
2.52412788685
2.3115821002
2.65929551248
2.52664304607
2.38112830043
2.40729655501
2.72201283263
2.50998206005
2.31043455392
2.4707014911
2.3797246199
2.76186517175
2.37994555537
2.53754349721
2.63947688956
2.47441207263
2.53729507219
2.68834393438
2.46343476839
2.52947179711
2.62184392292
2.46180405308
2.30641570124
2.43913749593
2.56659456875
2.42362096219
2.30555526718
2.61441969839
2.52808705896
2.79928683315
2.43278166152
2.25098485581
2.72694039806
2.43913749593
2.49200385708
2.68772270797
2.69727269356
2.39233266169
2.37570157426
2.37570157426
2.76380892488
2.41074803562
2.62444723129
2.43580897043
2.42673529976
2.87362379096
2.62201468433
2.37042625399
2.40160537367
2.5481030468
2.62032621856
4.9999996493
2.25366964958
2.30585080314
2.59826879074
2.42927652288
2.75728827608
2.50225490922
2.41685562079
2.76580800277
2.55502801896
2.53227269611
2.52496640156
2.39522583211
2.59760320304
2.56118232605
2.59431941319
2.58611547448
2.44464409388
2.55109556401
2.43648550684
2.64328931991
2.58675087733
2.52447257629
2.5599701157
2.39051150489
2.28413331041
2.57038990412
2.34308057089
2.30553557418
2.39096483601
2.6428759429
2.75373089876
2.71540176938
2.4112340804
2.25768638427
2.45537561382
2.38031025581
2.63458180462
2.36827995971
2.56092947524
2.4107290536
2.29407657217
2.6032802676
2.4280403736
2.45058273506
2.59408986781
2.3438120315
2.68082299497
2.54207370281
2.33787447411
2.47459201473
2.68059929281
2.46873902374
2.5408197599
2.35547798733
2.46057967359
2.4176370588
2.19756046337
2.63708549534
2.69642034843
2.73234231613
2.67861020791
2.32003386648
2.46237854228
2.52337222968
2.46637821941
2.25749880254
2.61460523596
2.27158348009
2.37992490951
2.42768638041
2.66857862437
2.22357315264
2.12777249478
2.03878260802
2.49025285614
2.55134763786
2.3791143487
2.2462883763
2.41671649605
2.49583418264
2.48483904879
2.48477371359
2.20101000213
2.66997037106
2.57426293503
2.55236251098
2.53797238263
2.35296454399
2.49502089184
2.25874250399
2.47484267975
2.41102083418
2.50168766044
2.474922025
2.43400502294
2.41848409779
2.50228103139
2.62481827345
2.44079378487
2.44507419188
2.59257750411
2.55917202819
2.41830996506
2.57875312268
2.55933892807
2.53582486448
2.50973085592
2.44328335657
2.38504091197
2.1581909183
2.50872621814
2.59838670067
2.21973056588
2.65261916715
2.46330446537
2.65419669126
2.56776383371
2.41640795813
2.71769141942
2.64487596997
2.26093332029
2.41130511476
2.40590149802
2.27526962704
2.56117472958
2.35009307325
2.56575087504
2.35661888232
2.54301243312
2.50062258654
2.74481841344
2.59060671857
2.5304822537
2.1893373075
2.63480226216
2.60567278155
2.64770874816
2.54725574722
2.53897237644
2.14436484839
2.52234453338
2.53385738037
2.4982879372
2.42258662648
2.8049312767
2.54392850337
2.62048512253
2.30821195758
2.33319511596
2.87289213351
2.42285690622
2.60949083941
2.55713733759
2.70604647645
2.70191068972
2.4642737294
2.50228262873
2.53970086707
2.45108691202
2.65563357797
2.56382116833
2.33090314576
2.56347775387
2.55901798146
2.59259549761
2.38665203576
2.68186717812
2.65016058079
2.61235700387
2.71767893229
2.59315731891
2.57182461759
2.36663163386
2.46599644461
2.43790429475
2.50464815612
2.69862229556
2.50145159402
2.62788733814
2.36997107294
2.31044549824
2.81106478683
2.52231341088
2.56690247547
2.67664380644
2.41650876389
2.74192645388
2.38740712638
2.31780878257
2.52927851489
2.61984261807
2.62977634783
2.5679005685
2.37187798888
2.56136435995
2.45991243532
2.53143437304
2.48070021321
2.23386239529
2.48407496375
2.53034715354
2.62779736112
2.46535093871
2.38602521585
2.54887881342
2.5663522541
2.49999454296
2.51439496573
2.7540790875
2.40820844231
2.58535023981
2.62146211898
2.52694152723
2.63315630252
2.78996358493
2.76745588262
2.68264153666
2.3932071074
2.53573677883
2.26589468654
2.60976495798
2.5904201361
2.47549972494
2.55079430179
2.68003523948
2.33825379625
2.72720154052
2.63405463907
2.46570513449
2.73729690469
2.40727681001
2.60725494006
2.41487989016
2.5508213678
2.61248458381
2.65929551248
2.51573993088
2.5981168736
2.45079899917
2.42587051697
2.56417045195
2.46657042789
2.35016473304
2.44089380539
2.52340153229
2.38490029891
2.32295103591
2.19010886384
2.51568180109
2.25545716574
2.35279765513
2.47783083355
2.75081475789
2.51543773437
2.65904688069
2.51769402657
2.48270429053
2.55398482854
2.14001709848
2.50931124985
2.71077257489
2.4947530747
2.57556887098
2.75425761593
2.35583477705
2.40883202554
2.57919868449
2.45252175121
2.43992733717
2.54644057173
2.58215930711
2.33017653498
2.60920206948
2.67923803565
2.4427784983
2.47243130592
2.57693742178
2.49805590206
2.69990134252
2.73648356142
2.35175520835
2.47908623646
2.37421111757
2.75399792898
2.30963856507
2.60321113478
2.49912406155
2.70007522484
2.65060103517
2.40804972835
2.33422796678
2.50060776292
2.36159290039
2.37392889218
2.11533250169
2.73195111162
2.49395556621
2.47740788207
2.54105427176
2.4276281572
2.51062243525
2.26084757855
2.50751310491
2.54219426012
2.77849998173
2.47478206613
2.26624836696
2.51773275727
2.3427813039
2.58741952146
2.68798509536
2.49219628198
2.31872147024
2.71009629549
2.20198429818
2.57383105977
2.92989306006
2.2200579887
2.64244196352
2.70320050101
2.53213840469
2.30235625364
2.33983461338
2.58324969929
2.29863740522
2.36910552816
2.74393745846
2.57737369986
2.53586863898
2.51033020036
2.68382966899
2.4687009367
2.4517303281
2.46930860336
2.34816819203
2.67274808479
2.50358167802
2.04200138174
2.50688266998
2.28726559376
2.61567778674
2.43925097836
2.48350219596
2.49406983061
2.34710224752
2.37504521667
2.55907709371
2.47391528152
2.46742298306
2.58801311875
2.514801429
2.6256297568
2.54917373639
2.56242684112
2.467388851
2.37212359875
2.57844527624
2.53401633527
2.69446388473
2.76965612836
2.60203130225
2.49837315457
2.68958710945
2.54167990033
2.45128121054
2.40685746995
2.60961349152
2.43270150731
2.37965750822
2.68632365101
2.14683298302
2.36670252664
2.34049102525
2.5223118426
2.4599330285
2.52553642123
2.6332416857
2.22903613157
2.34423505934
2.61658874209
2.40582557177
2.25663483131
2.5291885527
2.64200437842
2.49493582877
2.62810821421
2.3235861438
2.48154454147
2.42833807384
2.4871942095
2.76376703127
2.7035932231
2.59233603928
2.54061694096
2.42285386903
2.58687523647
2.42018923543
2.50355282104
2.59014545226
2.570030417
2.52334623671
2.42401387544
2.34324826419
2.65652589593
2.64009845351
2.40422414872
2.67705195337
2.66847118215
2.53707151166
2.45793584722
2.35215954972
