2.50351228879
2.52667235795
2.51134313889
2.39749476433
2.62361903244
2.6680215108
2.53740481254
2.40934407685
2.34654244064
2.57066084612
2.43168092532
2.21932872027
2.49103423351
2.49608877927
2.7022178459
2.43696704448
2.40816087636
2.60955021901
2.43713536742
2.37247739516
2.22114033467
2.55514440171
2.52057635491
2.43532014814
2.36931802255
2.81055786747
2.484909106
2.56428500118
2.4244873689
2.36461187665
2.40159279027
2.42418004937
2.51222885559
2.66226209546
2.46556244647
2.29464848493
2.53869945872
2.34750736062
2.88623253134
2.62448130001
2.73738548872
2.50047542225
2.70413594788
2.53108903675
2.54697617429
2.66669382727
2.51305159143
2.71184489303
2.63062271112
2.32623900914
2.43941607509
2.22287415471
2.53138118217
2.44342409669
2.38865691706
2.61269665943
2.57254506093
2.49885688709
2.84017834124
2.1568675867
2.40416961889
2.23390910914
2.5564870733
2.75508706086
2.29902973887
2.29445227439
2.75440401935
2.35861579578
2.5598941873
2.48690483672
2.51402363347
2.49170560826
2.37976500744
2.23920842225
2.5571881987
2.51813867744
2.38261812709
2.63517578087
2.56224777557
2.43828698766
2.38837979389
2.36795007694
2.42154990407
2.55953109925
2.84287911337
2.47119456536
2.22777659381
2.47792741098
2.53697514431
2.55092833643
2.47340143407
2.26941563545
2.34377677565
2.55830330867
2.77926373613
2.49090343486
2.35096151758
2.59321418168
2.41249269846
2.5819796057
2.60070754043
2.4365601854
2.5534218836
2.57886581929
2.31504518658
2.43146803601
2.27575352761
2.49671605872
2.67246065878
2.46827454631
2.48623423603
2.47232774498
2.46926607481
2.45405276581
2.19398791024
2.73555191965
2.50662055963
2.46374983073
2.42575426449
2.55922465178
2.4261903917
2.68362370189
2.64725319364
2.58056468341
2.44211010401
2.59942968398
2.51115634756
2.13524208136
2.48117076588
2.67039729704
2.52471988078
2.51316075974
2.51778821005
2.5429210502
2.39332428598
2.4396738462
2.57303343277
2.61481806684
2.7186534603
2.579892947
2.63536244381
2.31741390933
2.35089925743
2.47605678857
2.41005827689
2.34718898256
2.41971181787
2.74925052307
2.76068039571
2.47416430106
2.59349332745
2.51466594263
2.37798221031
2.38134257929
2.43985249742
2.5327509416
2.50271085069
2.52899936647
2.76449051318
2.46087258984
2.47342598002
2.46230732845
2.4820921645
2.63765988393
2.3770367874
2.63479902408
2.47696839808
2.53815204398
2.70107177656
2.57252693236
2.44175395549
2.3741015347
2.36563326209
2.63967026157
2.53942163981
2.4367673648
2.41777045805
2.48555710068
2.29759140601
2.27224208488
2.32640072269
2.50590751694
2.38010056226
2.40704733781
2.5360991508
2.53396133672
2.46514838831
2.74455851482
2.42316169418
2.57879948545
2.33836069265
2.53111010184
2.76841701341
2.56093958535
2.36270388641
2.49798119642
2.18779598257
2.41276234133
2.84877094288
2.69503864288
2.41594210809
2.54851188029
2.4877128018
2.54875894077
2.38981832211
2.83104613443
2.55625152731
2.42881049166
2.57089099284
2.43920678097
2.69099928975
2.34798544558
2.41406042249
2.60426206138
2.71959465418
2.48211644465
2.28817912413
2.42737730803
2.73388528019
2.37588192434
2.44722911241
2.2086919386
2.6328451011
2.42467349436
2.61431847854
2.63354028799
2.58684132828
2.52467281245
2.48324472361
2.60571190376
2.30218670028
2.51104996047
2.40307703839
2.26759558694
2.36322539487
2.56834659799
2.38456397253
2.39587796627
2.46464808601
2.2182266335
2.53995938325
2.67542902226
2.31311020381
2.39127055656
2.52819475607
2.50614766523
2.43142494536
2.46508959451
2.28225318285
2.2306444383
2.19816446482
2.6512730722
2.55091963255
2.65086177455
2.54766202919
2.43941612273
2.5158909589
2.58015407492
2.35016210578
2.52890905915
2.5968341628
2.32709687177
2.657226364
2.28458115616
2.53734403798
2.73648367619
2.55761083162
2.5465909786
2.36541731129
2.61733908936
2.61788378683
2.75370404928
2.62295455881
2.47558354786
2.43702417839
3.00872144413
2.5206467184
2.80733113651
2.58168331954
2.60678020128
2.61689742735
2.47983703707
2.59969991415
2.55502939357
2.36401016182
2.47162570913
2.7122655316
2.5588759139
2.28968400637
2.72034094806
2.6348619019
2.31347447987
2.41193424084
2.44372748646
2.53769595947
2.64693293287
2.57373017876
2.59846357771
2.63338904029
2.29635738191
2.73800033069
2.43117277737
2.43201426147
2.30081624277
2.52018969036
2.57121723126
2.4851813483
2.57800016524
2.53936436033
2.53418920451
2.659840124
2.12236720455
2.47165376635
2.65598982419
2.43264601821
2.52885572198
2.54044244293
2.3761938412
2.72627344674
2.53879548229
2.4861525325
2.46726099365
2.40850347455
2.45114982701
2.55811871913
2.43282432685
2.68013368145
2.51862094026
2.44785842636
2.63796258003
2.62267045567
2.69471779302
2.38619150478
2.62000660006
2.66708128305
2.49159651848
2.46792774328
2.30378859054
2.58318335169
2.53403451119
2.44837803316
2.50116343447
2.40383344141
2.38791491664
2.60615910763
2.21210481338
2.69634381281
2.67941016164
2.63302792324
2.5925861987
2.47522316675
2.2659317643
2.64042913341
2.54355503063
2.40539384212
2.29475316735
2.72684083907
2.70511852889
2.37414397703
2.37662248198
2.93288555717
2.49897660094
2.76440711918
2.58447202483
2.53933025306
2.20175092063
2.88630378827
2.46164043365
2.666842833
2.22272959461
2.42820205529
2.62255184637
2.26048722465
2.43909022799
2.5526211647
2.61817687709
2.40363750845
2.4279490652
2.70297375745
2.53963796298
2.39583915616
2.36777893453
2.69479724532
2.64483979248
2.37963242171
2.43117280355
2.40770594704
2.41074610842
2.47626263204
2.35059101051
2.40702530904
2.37435076094
2.54871124751
2.42094937036
2.60503060371
2.51425259976
2.63216790612
2.50212440849
2.50763606853
2.56983686503
2.40526505265
2.43796311597
2.40545552421
2.64325290417
2.39504694945
2.5597455804
2.56431370289
2.37692805715
2.83464239067
2.61674163449
2.66748442404
2.47744707625
2.42303484107
2.61906475636
2.31249170617
2.49253047485
2.63190387891
2.49632323374
2.55171455643
2.35893447
2.74358462472
2.60973733608
2.4584951507
2.29522114779
2.52667853216
2.3171386084
2.3664747737
2.2669606979
2.47300743732
2.23110680214
2.52202588949
2.70860115124
2.25318871698
2.45906200198
2.35417690354
2.38494401267
2.67534113918
2.53323135677
2.71336448226
2.54594331887
2.57483519891
2.4077321447
2.08109925467
2.74998918737
2.60415771296
2.51853249996
2.45369740239
2.67165395168
2.59864987956
2.57907535145
2.26077214699
2.35138919102
2.46278091868
2.35826115358
2.69502821275
2.38271546158
2.53933643632
2.63413757331
2.46780536118
2.54708494226
2.44421958694
2.50088233036
2.296849923
2.40315192217
2.59612444737
2.61888966967
2.56002469473
2.55415933778
2.23044140268
2.85160094967
2.67436256255
2.41685607627
2.2524688595
2.36251076668
2.25544642029
2.21141323822
2.78325655487
2.59126204136
2.41481990413
2.20441692549
2.7245175382
2.63172093716
2.77745718092
2.78136289795
2.38375705445
2.60926509509
2.40124261935
2.57306414159
2.56763682292
2.54211619459
2.41461625803
2.78436468132
2.31955571403
2.49025184
2.59636832963
2.43689266914
2.32870718753
2.3044221601
2.46482316013
2.63842440412
2.53125028122
2.55789202217
2.47833289087
2.59487006612
2.75762442162
2.64983503128
2.35651546406
2.45830518788
2.62324307898
2.4500093968
2.24977553739
2.42206789513
2.44023558124
2.81162443513
2.1534214264
2.56458811427
2.49917872687
2.54824033495
2.54090593883
2.70187682926
2.39341676561
2.49854833367
2.70240030725
2.46897063574
2.56129684499
2.47210293859
2.65967779651
2.42030150091
2.59713652964
2.46624070063
2.61394166037
2.39340256712
2.48727779728
2.56341725069
2.547441824
2.35225765128
2.68903501404
2.25249156387
2.47422113865
2.57977123406
2.30724180274
2.66164849175
2.42334088683
2.46628406656
2.51997241745
2.48143916873
2.5082781602
2.48468776333
2.52637584469
2.74012971048
2.1957240839
2.24607141374
2.34550297464
2.2926713269
2.18754966806
2.57810087376
2.49801242702
2.3811879895
2.50617093657
2.4052114263
2.48698063272
2.41741184162
2.34151810049
2.58343969664
2.31143055278
2.63835007903
2.55200412487
2.35546043715
2.34415064458
2.47774780335
2.66945461017
2.6685918572
2.52834929064
2.74355810693
2.74113768783
2.59826740512
2.52900849858
2.41589339636
2.43751452032
2.67219726818
2.69558678175
2.67769592867
2.45170872013
2.44327694298
2.75587664191
2.53862343857
2.54901382006
2.53605562097
2.70321144141
2.47609408519
2.7852748249
2.41953401802
2.38462138093
2.51704023329
2.49254752151
2.50485586087
2.49752963607
2.73206346393
2.49381354543
2.47817868681
2.35983143366
2.43142585037
2.47625392698
2.59186799074
2.52521518223
2.55219582606
2.36963371469
2.45296898462
2.51946768734
2.37008658352
2.36483409179
2.60919404957
2.47507429758
2.6546317298
2.46887795844
2.68700886135
2.75062356253
2.35635808885
2.65653276513
2.52468537238
2.27311799085
2.70485465383
2.09161987706
2.62333603065
2.49375686181
2.39044738082
2.38232045609
2.59046755345
2.62859014611
2.57744448505
2.39371257274
2.47207523402
2.44786694098
2.41529281493
2.35927039448
2.65610833041
2.4956727791
2.40788896214
2.44512105046
2.28389009405
2.56586045044
2.69853946073
2.62361903244
2.53954108846
2.44222750941
2.5108721038
2.73088357595
2.7892679817
2.59074221074
2.61167358606
2.75786492115
2.19981574116
2.52058038435
2.51706166177
2.70918310182
2.36549318909
2.37945400747
2.58302959543
2.48904283625
2.40326082981
2.29681145476
2.51745226618
2.46928430086
2.50865396418
2.39023661183
2.54501687559
2.53613954355
2.62763843334
2.22208763056
2.37838556784
2.49305398412
2.21090904705
2.3710514469
2.27763771935
2.4345593526
2.3916452911
2.49914856674
2.41689443542
2.3561756854
2.27406540703
2.49252857661
2.39899554989
2.31603976648
2.3775252563
2.2505008492
2.46846772039
2.5690899421
2.31673535194
2.6071670772
2.55556488174
2.31278711754
2.19987654654
2.52293772002
2.30678393064
2.62581774828
2.39933997654
2.42010284971
2.46285806308
2.34383402443
2.44358741176
2.30146633827
2.51936917438
2.7065799734
2.55900422397
2.5364729254
2.46631928365
2.2871099092
2.25733702272
2.54243726577
2.54486884984
2.60205630888
2.54689109253
2.4279404749
2.43719279142
2.34054850061
2.44067549693
2.41194090893
2.65136117559
2.46587155547
2.3791660283
2.58289445682
2.43427043533
2.65297467635
2.45745651017
2.31623972002
2.62188822949
2.44018848817
2.50340684753
2.60848281933
2.51035886414
2.37810065448
2.38779684039
2.56209439565
2.50487940805
2.53405771141
2.62903605148
2.55666808558
2.54941242702
2.37632402875
2.5187250615
2.66980098441
2.46567303716
2.29672766679
2.63448479573
2.47427454723
2.56258117676
2.28483784006
2.3333099171
2.45091934934
2.40500262973
