4.98429781969
5.0
3.1883241542
2.51343206992
3.41016526175
4.37034493612
3.38130648706
4.99560683162
5.0
4.98636155486
5.0
4.73841981602
5.0
4.98904686317
4.68509704368
4.99132729348
5.0
4.99859451557
5.0
4.99804995434
4.96430790254
4.00151202058
4.99913949662
5.0
5.0
4.9999990422
5.0
4.96210110763
5.0
2.91296720369
4.99132729348
4.53261520984
4.96792028392
4.99132729348
5.0
4.88228043347
4.95715604932
4.99836071793
5.0
5.0
5.0
2.47247222978
3.60581920548
4.9999990422
4.9999990422
4.9999990422
4.99998245097
4.99998245097
4.9999990422
4.9999990422
4.99999985076
3.122569328
4.99957417298
4.60875124767
5.0
3.65080202879
4.99718321574
4.72201159627
4.95410636971
4.74201115922
4.9989047795
4.99450159456
4.98879150171
5.0
4.99954561913
3.54272897473
4.97280057692
5.0
4.25042742655
3.31599573743
2.53099356079
4.444468721
5.0
5.0
3.38629351897
4.99561476114
4.8308401947
4.99915357232
5.0
4.99750721258
3.8487066519
4.3923684349
4.92190183383
4.99512215074
4.55596562313
4.99989064254
4.29369452627
5.0
3.29136521381
3.7413292563
3.55163696677
2.90746242542
4.99536562707
4.99995760459
4.99842065448
4.72263661035
3.12145513149
5.0
4.98714400943
4.43833123906
2.62288837319
2.5625343338
2.44078418482
4.98791292982
4.99559005882
4.51941233821
4.99999672568
4.99998221157
3.74866406119
4.46164177451
4.99993988943
4.97869882676
4.35221048102
4.99995253015
4.20708471802
4.99779437375
5.0
4.99842769611
4.67031927579
4.99998200507
4.8416332239
4.14960663049
2.35684001139
4.1204171682
4.88402242372
4.17868696508
4.88402242372
4.58370496529
4.97680052674
3.38853031311
4.27950296035
4.97680052674
5.0
4.99999999671
3.22065423002
4.99623979407
4.99998531512
4.9999990422
3.66695371977
3.51525946686
3.50455217889
4.99478720312
4.81349571942
4.99958036961
4.99587642774
4.98178908192
4.99989452205
4.99996205219
4.95709099941
4.99989452205
4.45121375355
5.0
3.19100422802
3.0515276569
2.99358740731
4.06671182772
5.0
5.0
4.91159325045
4.16058976641
4.16058976641
3.12222493535
4.79214070706
3.54683618642
4.92141874351
3.4995857519
4.99530820009
4.98946494453
3.63791476662
3.07584526949
4.99428785214
4.97799569899
4.90621494449
4.4300889527
4.97753327111
5.0
4.03819168049
2.47895080976
4.99932664537
3.97991726635
2.64274736665
4.0094951465
2.50973001725
4.99999716368
4.99999521697
2.76293368759
3.5258474939
3.5258474939
3.46688549996
4.64851843519
2.63109256373
3.66103105943
4.18416805284
4.45410309048
4.99785663446
5.0
2.42875978139
3.49851321819
4.99799128609
3.01759564411
4.15213079895
5.0
2.70563513646
3.26418994158
5.0
4.87589711007
4.99995760459
3.0180324608
3.72805477008
3.15587120108
4.9884825067
3.53300415247
3.52253825921
4.99531306353
5.0
3.37226156188
5.0
4.9999917901
3.67467187401
3.15301449911
4.99989285313
4.97757188166
3.11377803659
4.20746596839
4.99560683162
4.26652526966
3.2035253679
2.79694617488
3.7180542705
4.99446757549
3.3994481998
4.78230786489
3.38522059919
3.41613746077
4.9955877445
3.74386571798
4.29392719641
4.99580364976
2.94813742529
2.62298675309
4.2978872246
3.420365022
4.97514778037
4.12223970179
4.6028115675
3.02675862285
3.25628319256
3.56789286703
3.98125068
4.96892958809
2.4939526224
2.77025082062
2.50479558365
2.4038641287
4.35520925409
4.99999145483
4.99999716368
4.39714789427
4.99995760459
4.88228043347
4.40947502916
2.717192827
4.77686435621
4.38099889522
2.95080740429
2.98958639659
4.74796181905
4.94065912756
3.75070405911
3.80272833427
4.99908683939
4.26029516014
4.13052848653
4.99993848535
4.99132729348
4.56167317337
4.81101051264
4.99712412848
2.81181720008
4.91316357783
3.30024312721
4.99987756551
4.85613123584
4.98597002325
3.86848761077
3.39557114012
4.99997899895
4.9951983823
4.98422840115
4.97940670581
4.86835003132
4.76724965774
2.50262391398
2.37867090484
2.87149535684
4.71214735453
3.64067081825
2.45836733234
4.74624113955
2.2575996391
3.38306191114
5.0
4.97946882992
4.99360244405
4.89458325692
3.66540346287
4.76409818946
2.43578890544
4.91466109043
3.91232026717
2.83214890126
4.99932816391
2.6786296115
4.55127110739
3.26788603588
3.68353101272
4.21478621635
3.15550749409
4.46561659524
4.9999990422
2.83214890126
3.75904422032
2.54659483432
4.77548652924
4.69911470266
2.75361614393
2.75361614393
4.01802039065
2.79545721191
4.93486910931
2.32687897459
3.3677767558
3.46552232887
3.6266436531
4.99952688774
4.99178243077
3.1054930764
4.75108837522
5.0
3.74464962194
4.38695299418
3.41333465823
3.42362138711
4.99801129056
3.82786334216
3.21367541547
3.62018698256
3.50589670758
2.88713920839
4.58805900906
4.68647193084
4.70741749662
3.51621703636
3.59146632094
2.9436728217
4.44671402094
3.38228182583
2.58662237624
2.2571643347
2.97457010855
3.25028126337
3.75483419333
4.99989452205
2.78029177586
3.9339621658
2.60896688942
2.87658417954
4.24304374891
2.44755428274
3.77678675335
3.51432087178
2.86511509033
2.44409463722
2.76806726374
2.57400976205
4.66331856259
4.99999716368
4.17503857657
2.98955585415
4.9956022435
3.68022726033
4.83177017732
2.71021482367
2.9268900698
3.26247255008
3.0154268144
4.9988175332
2.79352492965
4.99981177523
4.99995193436
3.33910417696
2.90618203063
2.46493757747
4.99999973077
2.50462723297
4.99733855431
4.60962232728
3.86494988295
3.50917863793
2.51990491806
3.36651688305
4.99932456262
2.90189608728
2.82423133084
4.77002414487
3.87921089977
4.92220934794
4.99994126562
3.37481838802
4.97691918725
2.99697108252
2.76011925875
2.56458468658
4.99853696304
2.81753213547
4.97975422355
3.22058503906
2.52553611974
3.79177410328
3.37887230309
3.99244693411
2.53490452098
2.88381946607
4.99749304468
3.72257957837
2.75131295669
3.90787401298
2.64873402332
3.05815480862
4.24483283967
3.24719937186
3.73218349266
4.97541947371
3.25134184943
2.45326552594
2.47942799777
4.88038648395
3.75070312329
2.65262904777
2.58449987897
4.86492581745
2.43283898344
2.5474157061
4.64387371557
4.97792205265
4.99851258127
3.84538548938
3.54760030044
3.24260775201
2.7862561501
2.41291499085
4.99943402032
2.42101360108
4.32099189577
2.44044506842
3.33460684213
2.52867715056
4.19899533191
4.01435801814
2.59294897295
4.34027664027
2.64976652012
3.72301507801
2.93517959541
2.83689241943
3.38709021848
3.01592020427
2.37741728135
4.9952206714
2.64340376561
2.82777132392
2.67373163096
2.58129979774
2.70365729707
3.50834001594
4.99771629975
2.36281799278
2.5189164607
2.95893431838
3.57135833086
4.99714322202
4.98944377125
3.15502244535
4.9952388987
2.97378537366
3.19187924532
3.56988134762
4.99483463637
3.15917478266
3.0967952265
2.86776823998
2.27805665428
2.3085394504
3.55570696992
2.6387804382
3.78371147157
2.45840021799
2.62177552218
4.43664724595
4.99323220094
2.36156702567
2.56194635307
4.14404141843
2.8700022261
2.68876073558
4.71093741225
2.74194787172
2.70601537093
4.73997103436
2.79354186608
2.69426990693
4.81624140718
4.98780186167
2.80919900094
4.97345174105
4.02336062044
3.23953409827
3.25984810039
2.95287741342
3.08926735469
2.67004044386
3.96415277114
4.18985263485
3.89670491497
4.8056082861
4.99900777129
4.26473484362
2.59428730183
2.67648753414
3.42782733838
2.56367882559
3.2707719069
3.19050431192
4.84735524852
2.52419181703
4.61825907792
2.86706157506
2.4985284717
2.88361031547
2.90124532886
2.88938012449
2.47385858421
3.53479851579
2.08563566604
4.50950010567
3.50087023249
2.61268803577
2.33956650138
4.94838149629
3.07226529668
2.83031779254
3.33352326746
4.99526688527
3.40052584364
2.8278192909
2.63165802221
4.94389637905
4.97283831173
3.05714748771
2.64743312896
4.98990578539
2.5496415258
2.56086954742
4.85674631937
2.4990033912
4.13785416199
2.81032876311
3.88270623093
2.65917143882
4.69395948897
4.99997414448
2.66952518572
2.99698523327
2.75467802535
4.97940670581
4.99624464029
3.36050343951
3.19832783671
2.90288483559
4.84628729631
3.6840362957
2.81614024113
4.99403913827
2.59206430181
4.95277486337
2.7287173714
4.99022100123
3.99523392489
2.13987635179
2.99582715845
2.71750295259
3.37224706937
2.52166907485
3.41550614651
2.50464679793
2.54953507073
2.54729802377
2.52314887745
2.52046773029
3.78639652373
3.03030008571
3.53018345298
3.72707685588
2.62156916485
3.53410296013
3.23211553433
2.64674878026
2.52155064854
2.57112001881
2.57172647466
3.1063971276
3.28537895718
3.40035680517
3.49350613426
2.72925506168
2.73867851957
4.00802423277
2.74071088786
3.93387149812
4.8103728376
3.02734427128
4.98577211957
2.4099704311
2.55435553512
2.4311669134
3.33930757429
2.68484077766
2.91836487568
3.562401969
4.99504519257
3.09805311716
2.57198159582
2.65605448891
2.62775642358
2.96210998091
3.16807613574
4.99339655086
2.51501305346
2.4670691724
3.87136639616
2.50080831132
2.90287661514
2.6919420381
2.83778049455
2.9853356978
2.68535438519
3.03002905405
4.27267818554
2.78680018358
2.50716662595
2.84813475963
3.16458917429
3.77165501577
3.13918808131
3.22847051497
3.33084331788
2.63161881951
4.96893979905
2.51547515827
2.87326992762
3.72497037043
2.53721266335
2.50758270959
2.81921209124
2.93835460635
3.15691298015
2.71119522889
2.85017920457
3.50277977421
2.98199316633
5.0
4.70179391584
4.43774731942
4.53368667573
2.50215109317
5.0
2.72826259175
4.64989706253
2.88385635398
2.50587018737
2.5303084537
2.61465092572
4.22736015543
3.55395376525
2.74122909109
2.53805126734
2.48092100309
2.85539280633
2.89054705857
2.88495246322
2.66637975829
3.51820086592
3.03624239033
2.82494480182
3.35660529603
3.31321326443
2.43647484497
3.09877762123
3.61378090032
2.98994229522
3.86820571293
2.62859931104
4.22681718887
2.56205228534
2.70909089448
2.77253361537
4.7856737716
2.58906932957
3.16346527558
3.42329546042
4.62609275361
2.61705648699
2.14117794608
2.51594898028
2.75554962554
2.11581543802
2.43700569739
2.63019454333
2.86681050418
2.49940111258
2.73634252811
2.73124650641
2.82888504533
2.8066407644
2.78676622315
2.68104734637
3.03451738922
2.80878423217
3.056823975
2.47766003648
3.74655134909
2.35540096154
2.80258778869
2.497175751
2.47088242674
3.08812082953
3.67469995748
3.08887463047
4.92714998814
3.03619568641
2.83055058489
2.46836176592
2.43212331864
2.77976946753
2.68892502895
2.49575542946
2.93508378655
2.65358868373
2.89535335058
4.99488055553
