4.314054789
4.2588161767
4.06646956479
4.58521817673
4.00246919188
4.48441482019
4.16543514372
3.43265001566
4.38956439619
4.56984348371
4.48929426195
3.70252758046
4.66506350946
4.92041486369
4.40469098153
4.23590816642
3.05697635279
4.6864650009
4.00458207604
3.76933748677
4.44148484016
3.7979868201
4.5311109716
4.09923955884
5.0
3.77090692337
3.3210244971
4.03146823195
4.83618588315
4.21137094612
4.51889759945
3.72822674753
4.39666907107
4.0625
4.26016441396
4.20444607261
3.4231376563
4.77872997311
3.94662486072
4.6666959103
3.93329829609
3.96403697919
5.0
4.16961689596
4.21559526871
3.69994695495
5.0
3.84917977261
4.26776695297
4.26566746588
4.65088641042
4.42289552621
4.53028302133
4.00989052783
3.0849444824
4.25949086148
4.64395891712
3.38388347648
3.48051103198
4.59013731629
4.00996071804
4.36372763234
4.4245008973
3.77126444618
4.71647032479
4.03006564941
4.26096296478
4.50033951606
4.01949427913
4.38511905739
4.46873041883
4.17820835315
4.42142075174
3.89278621461
4.29481678857
4.43463107819
3.88298812986
3.65931887028
3.50175738846
4.71959142249
4.37538375042
3.95700242536
4.22227375802
4.31856140563
4.00410681023
4.86555881535
4.01934509245
4.0625
4.04303349962
4.77874675332
4.01078395982
4.5326612837
4.56036463338
4.34316887621
3.86755953912
5.0
3.97673004786
3.99261970265
5.0
4.535993291
4.02888657492
4.46122011559
4.37188209121
4.29561449249
5.0
5.0
4.00755672289
3.29418867167
4.64047717618
4.68405120193
4.64560514752
3.55356178217
4.11496639965
4.37028799738
4.33693247776
3.70307463308
4.09150131418
4.50445931434
4.37867508996
2.5
2.5
3.5103935734
3.51633950681
3.17691773313
4.53569159656
3.7192613597
4.2335924667
4.41245021602
4.43111292523
3.86975516121
4.34477790703
4.39090188644
3.50938186298
3.86975516243
4.52789208843
3.85596575756
3.75
4.15358533922
3.18896679707
3.93271328382
4.23877064166
3.6870461178
3.93019388387
3.84771184532
4.53267087415
4.9251797014
4.52044581749
4.28571428571
4.51259057155
3.9172004914
4.5009866002
2.95047396222
3.38251007434
4.64285714286
4.30753207483
4.37756065906
3.62699847499
5.0
4.62000786697
3.42318618234
4.16666666667
3.95396108496
4.72374794998
4.63300416904
3.97488261895
4.81671970811
2.5
4.04079458605
4.47272372389
4.42798925811
3.48530455877
2.94718220546
4.42131835716
4.21792333688
4.61421223811
4.38175806789
3.46378958441
3.27563503578
4.28478306006
4.50445931434
4.35479860744
4.53266401283
3.18862048826
4.99999995573
3.32875945986
3.50435069211
4.62167106198
4.42131835716
4.1603219519
4.21039036295
3.53478194209
3.80350622025
4.4424285613
3.85642234518
3.96221923281
4.65087407037
4.375
4.375
4.5569272073
4.41850974422
3.9674266824
2.90104171992
2.5
3.95987970737
5.0
4.50475069262
4.28571428571
4.53321789271
3.9523970912
3.72698516467
3.94337567297
4.61803950331
4.16666666667
4.19647730374
3.7896654099
5.0
4.40930191749
3.60778727129
3.95392122363
4.59273186889
4.26776695297
4.41956399976
4.09900537267
3.60777220366
3.93019388387
4.30119447837
4.72269276042
5.0
4.82866934249
4.24894753941
4.81671970811
4.59282962979
3.61994998709
4.40374099068
3.50435067708
3.76355266385
2.99542490364
4.46235369834
4.40870225762
4.65087230786
4.78035853845
4.59092930284
4.22842447621
4.12144724336
3.46724540169
4.44714694136
5.0
4.71858053991
4.26776695297
4.66506431918
3.91990835715
4.29922976264
4.31237610552
4.54259043218
4.16855953118
5.0
3.28392859053
4.16666666667
4.26776695297
4.88765399214
4.36269705808
4.58392789605
3.97313912747
4.1423459553
3.60021327069
4.10790090562
3.97196489042
4.55754211787
4.21321054696
3.79487120543
5.0
3.47214430258
3.6003616201
4.20481843839
4.20781633585
3.9121861949
4.18048198874
3.94337567297
3.93019388387
4.74715802053
4.10755824049
4.02870685812
4.63280033253
5.0
4.32799563482
4.38233692634
3.95346706174
4.36168172529
4.72374794998
4.38108954886
4.86555881535
3.41443726882
4.38501692791
4.42224906568
4.22008600841
2.94716875282
4.57872263851
3.93812616432
4.42307940484
4.58961540628
3.41172745669
3.27272227425
3.58280157488
3.51518401457
4.20169017029
5.0
3.49227145058
3.73314885199
4.66506350946
5.0
4.28366920451
3.98373990631
4.01551229142
3.99036179168
4.2381626202
4.41782749241
3.77522833876
4.4387583323
3.40991100595
3.23655552416
4.40692517849
3.83630620956
4.78447305921
4.09045640359
3.88298567935
4.46498980798
4.00755672307
4.50735065612
3.33307147522
3.7479005855
3.29810719477
4.33762374733
3.64165771091
4.44286214009
2.9068047708
2.86203777327
4.21552966232
4.27291637883
4.27932025698
3.3210244971
4.12554991545
3.78330915267
4.63198383699
4.51957370181
4.07801335249
4.39739604785
4.46338936287
4.26576635317
3.59219590075
4.37028799738
4.01954983943
4.66918841253
3.93797195878
3.72291107033
4.10787594377
3.64639407553
4.58565211577
4.78036624778
4.28507314534
4.47112010533
4.26564498719
3.72684206689
4.16855953118
4.50695487352
4.13663417679
4.32424531436
4.22285426866
4.52542252063
2.5
4.16855953118
4.03501476459
3.96742283593
4.47667582382
3.05885576623
4.29675275726
4.11355694409
4.38877513225
4.29418701224
4.86122539435
3.60181452711
3.99036179168
4.54533824708
4.13986835679
3.9199031821
3.65262643076
4.79923846896
3.88657139202
4.07375540789
4.06833531735
4.3300883183
4.36080533567
4.52870155372
4.22809108113
3.9628040555
4.52647189167
3.49357797642
3.50435069211
4.61739605122
3.88554736307
4.59561222653
3.3210244971
3.38846981762
3.47989609204
4.32919239387
4.50695487352
4.71941766023
3.43007659086
4.4245008973
4.06652370164
4.13663417677
4.62721519914
5.0
4.72374794998
3.99036179168
4.32873354923
4.36349792495
4.23830578243
4.3308250838
4.54530713984
4.71941953516
3.04734966474
3.42572166614
4.62283187294
4.70742898248
4.41182913211
4.45893585524
3.99390641733
4.17295803916
4.4245008973
5.0
3.262246641
4.32191138728
3.70204117998
4.0198140346
4.22533946824
4.1475635878
4.68742550941
3.77090626424
4.16748808064
4.19030850946
4.26776695297
4.34619044661
4.20362977884
3.42590827707
4.19658639343
4.12542169881
4.72153702081
4.24468333655
4.41103473328
4.42879187453
4.22842447621
4.4245008973
4.13663417676
4.06639568567
4.8366489333
3.45730725299
4.57294512154
4.03501476459
3.80753232783
3.32902996626
4.38396343892
4.2451218267
3.97598926353
4.53266896977
4.16976051589
4.45251540585
3.90695439573
4.47604961634
4.48887464103
3.6335264944
4.63617974336
3.03419060107
3.90231032765
3.85959337602
4.7194169837
4.86126435239
3.42249994938
4.25802316896
4.20463996827
4.30398422253
4.89514335171
4.4304275736
3.18600961028
3.92450720575
4.29695973141
3.38339631411
4.33762150978
4.40692517849
3.55573794324
4.43046905835
4.25590380392
3.67901383293
3.82431013061
3.93004803476
4.39225223458
3.85126223151
4.11824989736
3.82047636943
3.81238653417
3.4864042443
4.22213696996
5.0
4.3924183209
4.33846740715
3.85082762054
4.18889254698
3.76354362728
4.60398404522
4.66419970963
4.20608496153
4.63497768034
4.04093932403
4.28571428571
3.3081650182
3.34515425473
3.68894694575
4.0536957195
4.21965782021
3.58197093602
3.9226142902
4.50816312345
4.03778850728
3.79473086624
4.330755828
3.77500591755
3.78482999448
4.15988235842
4.08657573556
3.93246731592
4.22873766072
3.93334851616
4.52535753427
3.92754293729
3.5468944359
4.06778671924
4.53662256143
3.79467837123
4.41588718497
3.60057803298
4.6344771422
2.9734969689
4.42394156997
4.20751080326
4.26002633297
4.0625
4.60080275957
4.37653000582
4.32581421834
4.51731025453
3.27092911574
4.64285714286
3.75074408653
4.67257881106
4.40459344898
4.48421205351
4.43843110942
4.70259123585
4.03779094047
4.11078313211
3.88481850038
4.01688594806
3.70440283446
4.12479361618
4.67309499572
3.29239668384
4.375
3.3210244971
3.75737733037
3.97199303519
4.71951901597
3.83250447722
4.70269321776
4.07142747582
4.13425094994
4.17229911201
4.71941806866
4.26776695297
4.37499999875
3.91990186513
4.83694474839
4.38722688473
3.90005039293
4.27460677591
3.34362650093
3.82520994845
4.74708942362
4.42224084876
4.36622187939
3.4868081135
3.42744464562
3.80773685471
4.02353499182
4.23332610085
4.30534139467
4.31857745121
4.53723422426
4.19934012843
4.978583825
4.24682168181
3.41136840706
3.32906745778
5.0
4.20134900996
3.993472182
4.04856112433
3.42502732621
4.19894852517
4.01236789882
4.16666666667
3.63099092651
3.32618859122
4.74271980049
4.30272468551
5.0
3.62339945023
5.0
4.32686879394
4.53267705532
4.28307299596
3.89754248594
3.32777510719
4.50389849761
4.36451762931
4.34583378282
5.0
4.09900537267
4.19658173246
4.42095217876
3.26138159452
4.44444444444
5.0
4.44328613038
4.29194870338
4.07111670349
4.43106492166
4.48892005023
4.13672980631
3.29056941504
3.48608430753
4.42113177637
4.50163094781
4.94920540106
3.43290484511
4.59090300935
4.44539168129
4.72269826737
4.40945165526
4.71941805105
4.3629487084
4.84556674046
3.50222965717
4.22842447621
4.40825957752
4.52253807546
4.51402252755
4.51680578507
3.85082762055
4.35522939491
3.8526722175
5.0
4.66494035408
4.38982236447
4.32799010797
4.70623810475
3.91570197622
3.3079557786
4.0154991645
4.855578523
3.4971932682
4.24439479671
3.82658368213
3.76351887505
3.18800361114
4.37024805047
3.37839371798
2.84246418794
3.38356594313
4.41373108542
3.72595327013
5.0
3.63199262711
5.0
4.23516092326
4.13907502338
3.72241519818
4.38233692634
4.22828999133
4.59282962979
3.73091490979
4.29895409954
4.52358147099
3.83250447722
3.65168742224
4.4234091202
4.20940864689
4.08201725198
4.32695415934
3.31831708434
4.35033638061
2.95420764669
4.66506350946
3.53408627645
3.85258093597
3.32885447483
4.43587363477
4.26299316818
4.39376145643
3.91333716085
4.29343049011
5.0
4.74077162632
3.85369005844
4.40851837902
5.0
4.70262131049
3.40661182699
4.42110414749
3.92212407328
3.76115536619
4.23685123753
2.79228339711
4.36374535714
3.97752983456
5.0
4.03884693334
3.22447053214
4.57294512154
4.39657577974
4.28758522925
3.95399043477
3.33838691918
5.0
4.12310284608
3.22168783649
