2.23972884749
2.23222346092
2.68871808744
2.42222292987
2.81407431802
2.48357279317
2.62300739204
2.71459900112
2.39171441902
2.4895893224
2.31454090807
2.26096793743
2.47789064141
2.42973749115
2.58849717351
2.74153689453
2.48549106882
2.5393377722
2.42099910053
2.27254490076
2.3476064174
2.42650098379
2.29345027209
2.4794614375
2.49813184163
2.63866129862
2.39710841227
2.63146665285
2.45574756304
2.64274706582
2.52672391419
2.71023445337
2.27800128918
2.540170348
2.60008181225
2.43546293057
2.55207100819
2.40562157273
2.57992827874
2.50805114499
2.57238567209
2.67245092953
4.99999981485
2.70575959288
2.4993418637
2.3916276172
5.00000045306
2.49590507625
2.35837889676
2.67471903546
2.6455352011
2.43168433286
2.53819478376
2.58190585482
2.63177135798
2.32522112708
2.59062590276
2.62280143609
2.42424593136
2.41183231593
2.29229524823
2.72083372871
2.33923686748
2.34028442643
2.63158166251
2.26104086542
2.41483489699
2.34344001697
2.79247442367
2.43051421399
2.51791225559
2.39456743524
2.79254667281
2.45015976266
2.24390353708
2.4176206758
2.42438299979
2.6073281123
2.60595172466
2.44096941854
2.39599564658
2.46416720422
2.5275381068
2.59269098189
2.45763171906
2.58445020802
2.48071959215
2.72350915366
2.50818759404
2.40562157273
2.22791787103
2.39433771742
2.54915353011
2.45456370348
2.7119969982
4.99999962423
2.31259308599
2.51820296745
5.00000018809
2.36432589227
2.54692310345
2.36016737318
2.55347261233
2.44230796506
2.61633052763
4.9999998222
2.3761698342
2.47419534344
2.32140008362
2.55739408396
2.42604470824
2.57101590493
2.35160187368
2.55171851201
2.32046913405
2.48114777211
2.36282843519
2.74061182871
2.39584339802
2.44609142025
2.20789132842
2.58798309533
2.67257955749
2.62134205507
2.4691835815
2.44778678103
2.41603544224
2.40087762876
2.69890057521
2.45483380887
2.38090065123
2.50573843775
2.62766224944
2.49464553369
2.59608664829
2.74701169855
2.29522334491
2.67886290727
2.49529942662
2.54644731174
2.67286713338
2.37334231094
2.52216738269
2.48782211567
2.50193661834
2.51091763968
2.36090100174
2.47828193499
2.43665755049
2.4264037671
2.79978559221
2.62397063676
2.41980992248
2.30232022931
2.62433109683
2.53913019758
2.43542715018
5.00000018809
2.49410357818
2.32985316353
2.47310001704
2.61817687902
2.44801913153
2.63383225685
2.58936685197
2.35498446841
2.55082273957
2.48765943183
2.5112496583
2.52919269115
2.49232350818
2.65565726776
2.38781141577
2.25627952831
2.38019901726
2.5974411588
2.42106749614
2.3958627253
2.56387813842
2.47778680695
2.34727802105
2.50193661834
2.42006807964
5.00000024551
2.59237454695
2.3997902366
2.46504263774
2.43054881017
2.68947223275
2.64274706582
2.38348646325
2.55995894915
2.52891674149
2.52439299826
2.53494716529
2.6455352011
2.59733481633
2.43777229858
2.6867911466
2.61052367706
2.37842874898
2.53090793953
2.50597074554
2.34630775207
5.00000000278
2.26239414494
2.55911846325
2.66494717422
2.29996713203
2.55681732922
2.81319223701
2.30399462525
2.71457832888
2.39805321374
2.36710966458
5.0000005028
2.30762440489
2.41768736934
2.61817687902
2.60526435554
2.38390651451
2.59172228463
2.52135320788
2.39886826484
2.59567746285
2.41237700621
2.5417897695
5.00000006195
2.64047936479
2.42845961552
2.46607968823
2.51563357745
2.51241517515
2.82331747358
2.32937758755
2.39274489828
2.39319021801
2.44879716784
2.25729196864
2.6455352011
2.19040924078
2.60526435554
2.73387433101
2.19668968366
2.37402624249
2.43161767911
4.99999981485
2.48493927986
2.38302237155
2.38707854771
2.49167232602
2.8130208577
2.52707529686
2.57649874549
2.62987246235
5.00000045306
2.46810802198
2.71457832888
2.32686815198
2.47037831451
2.72615344823
2.3060041177
2.50064398669
2.18659555199
2.5188278172
2.6851143552
2.61115741908
2.6867911466
2.49851395998
2.49287454999
5.00000021262
2.44402408534
2.5188278172
2.43546293057
2.43866486553
2.43786295265
2.70810824719
2.38222490535
2.29306646114
2.13644271553
2.32328900925
2.51251875009
2.67266437235
5.00000021964
2.79027124894
2.51537093674
2.41262386979
2.57902820242
2.44801913153
2.57913294338
2.58445020802
2.48434637901
2.45447791017
2.21647098454
2.42343899347
2.54512526162
2.46534755892
2.64720683651
2.21647098454
2.33853544152
2.41398589721
2.40654982574
2.11088481445
2.61092035319
2.25751779492
4.99999981485
2.6605432949
2.57142505494
2.35117492601
5.00000012629
2.6016365907
2.56060699769
2.69426253487
2.4975171166
2.33562265757
2.49236026016
2.57480517666
2.24462531351
2.7164978332
2.37498825087
2.23738813651
2.43741548305
2.71330617671
2.41733402092
2.42438299979
2.42178093216
2.60894414451
2.59069687381
2.32850356259
2.50986097298
2.56612305547
2.35894248402
2.46640503868
2.67358107543
2.59604285513
2.69967782902
2.46811906688
2.57145115735
2.50256767307
2.3281603192
2.61590775136
2.61155162048
2.29894139509
2.23044151527
2.61281120941
2.49444646016
2.31173717076
2.73454175179
2.2630987314
2.73351357086
2.46112938909
2.58470683429
2.37506980048
2.33378577221
2.59668259784
2.68072663994
2.55181077013
2.19040924078
2.73377482934
2.52388100052
2.70042646586
2.28639736797
2.84849854448
2.43138769042
2.69097544529
2.39418045746
2.83008487799
2.49872748666
2.47785517187
2.49495540513
2.5883317091
2.27251235167
2.50989021646
2.4380257455
2.66073580394
2.3352071325
2.39518335768
2.48092484087
2.5280162205
2.5188278172
2.4975171166
2.54092938268
2.32227780125
2.49167232602
2.41933313029
2.33586638667
2.51755507754
2.56239054337
2.54425064911
2.57061499754
2.57476528907
2.57960348281
2.21271839008
2.60115517401
2.59899638932
2.54692090167
2.3997902366
2.6941479891
2.40970345228
2.62744454319
2.3281603192
2.71955277035
2.57626426603
2.59153382994
2.37914447702
2.51135586152
2.34004723923
2.33923686748
2.37311384743
2.51416918879
2.32001261506
4.99999962423
2.36365578263
2.4975171166
2.5026835139
2.54441457477
2.41022902135
2.57061499754
2.54092938268
2.51135586152
2.38056781676
2.73550872886
2.56206085534
2.6654239069
2.40552352574
2.61356351123
2.42807725716
2.54340174671
2.27284994535
5.00000021262
2.32585045583
2.71924896265
2.57758681094
2.2389288623
2.58124477121
2.52029029642
2.23710980061
2.31309602261
2.74829135501
2.53800351064
2.38390651451
2.20534375909
2.5847291992
2.36227490211
2.39805321374
2.60781646099
2.55599030823
2.31442573005
2.57876462596
2.46736351227
2.44172104476
2.43386371701
2.69097544529
2.68871808744
2.3081345098
2.24172979916
2.538917537
2.5883317091
2.69330875813
2.32388689266
2.47513608908
2.35571181813
2.49321526488
2.50193661834
2.4360339952
2.46872868078
2.22245505249
2.60073547287
2.73342638769
2.10684508282
2.34101122347
2.50552963871
2.46218137424
2.49812761723
2.17560728993
2.5280162205
2.68477061233
2.52097308398
2.69170314982
2.42744873648
2.72123063226
2.59390241151
2.51060799855
2.25942213885
2.33513279744
2.36840381306
2.35894248402
2.50620688612
2.46977441812
2.52558383417
2.61545392607
2.34318911815
2.58316678627
2.45164211538
2.4186446105
2.62388263154
2.39497810567
2.56340561728
2.48629171896
2.43093362222
2.48798959233
4.99999962423
2.61536718251
2.63763629759
2.47681480331
2.38117293899
2.39274489828
2.5965195764
2.61285935602
2.71953481785
2.4808603005
2.33837281501
2.47621516039
2.56178688594
2.3355244525
2.49319786275
2.56081432414
2.66214747653
2.57123553343
2.45099162408
2.61216121185
2.60520667174
2.60931318801
2.45051368577
2.48903542359
2.42524509883
2.67814880236
2.53385978007
2.53154772969
2.40401071658
2.46909847024
2.40283907168
2.39316659204
2.46640853941
2.62078208723
2.17042723956
2.40093406113
2.42281001032
2.49117321418
2.48475425384
2.46920769584
2.50660121598
2.64323701329
2.40673166596
2.42111547233
2.45298572626
2.67411814319
2.40077125599
2.29616958475
2.32224627487
2.28143705044
2.36753363614
2.23123648855
2.45668405421
2.4678109152
2.24462531351
2.38926755528
2.60520667174
2.40693723021
2.29458289464
2.06343808409
2.40755759481
2.51926681862
2.5473588196
2.20825361023
2.50761379392
2.50692499089
2.619055546
2.49721916618
2.44096941854
2.55997925571
2.38926755528
2.64533015647
2.47628427195
2.31953061284
2.52927728065
2.22124773749
2.33282133685
2.49167232602
2.6554667964
2.51361409458
2.6340543307
2.31797200026
2.69437836292
2.32545532957
2.43204601087
2.21647098454
2.57627058354
2.5241243451
2.42007634046
2.66934379311
2.69048915424
2.25114541955
2.52422997824
2.20489820856
2.49822713289
2.58305602365
2.83702454399
2.46429042749
2.64962153961
2.59237454695
5.00000018809
2.39899413289
2.41126127176
2.48192983604
2.98035415415
2.39142661495
2.522441449
2.71457832888
2.22251541112
2.58709514435
2.47141947362
2.7638224681
5.00000000278
2.40382847126
4.99999981485
2.52905544302
2.50193661834
2.45620501714
2.33566311374
2.41770650319
2.68371777626
2.58137425734
2.82522535612
5.00000000278
2.56697943924
2.39805321374
2.79254667281
2.37906943687
2.68501538532
4.99999981485
2.76729002191
2.49182789699
2.71872801754
2.4520118986
2.56641179306
2.18374200985
2.47297902733
2.54156859123
2.4846222999
2.27280456452
2.50517746255
2.6010659584
2.60526435554
2.65451804181
2.5417897695
2.51862288285
2.17560728993
2.3865043599
2.71164353667
2.59431764918
2.44172104476
2.25729196864
2.43379758302
2.53624068976
2.46807325511
2.41716681444
2.47137342641
2.59846001442
2.54752963014
2.4111321443
2.61838099597
2.51938570238
2.55500048311
2.58043673723
2.42138209583
2.69426253487
2.59794592475
2.65358678182
2.68253091872
2.54708117651
2.60824315435
2.1935993011
2.45445661188
2.3466411235
2.38905598917
2.51949429926
2.40366755279
2.55681732922
4.9999998222
2.63749215369
5.00000021262
2.52772049893
2.47214078723
2.42934602466
2.28174826953
2.40168486037
2.47708325886
2.47486374718
2.5810743827
2.57535647341
2.50502416007
2.34545653347
2.21647098454
2.48471730122
2.61622042396
2.66671803252
2.66163879776
2.47927336753
2.31506055178
2.47789064141
2.3309185914
2.7362129968
2.32388689266
2.24462531351
2.46265175079
2.51085892328
2.34196734008
2.32257219457
5.00000000278
2.46329210363
2.55732835211
2.25729196864
4.9999998222
2.38926755528
2.62895492549
2.4846222999
2.52586339125
2.67466102695
2.58907595462
2.54401349758
2.50961622636
2.37393724516
5.00000006195
2.32293521492
2.36298603567
2.34142062806
2.70230006501
2.31129463356
2.36677347661
2.86182822374
4.99999962423
2.59189375308
2.64885468176
