2.8917031634
4.7849670026
4.89411308397
4.50610920251
4.02481645243
4.49539998269
4.75652318594
3.97571504141
4.91388872279
4.35524602067
4.34071749965
4.22097670038
4.99916218485
4.99788005078
4.16896531625
3.55282825116
3.67002908541
4.99874762178
3.92612248212
4.52857688652
4.98715892772
3.95583544968
4.49710916498
3.7204672165
5.0
3.30177991627
3.91077060908
3.25044149001
4.99347086866
3.83091647756
4.56151266648
4.6981622716
4.47640002659
4.32264878685
4.17777722641
4.1904973077
3.05144905396
4.99905020064
4.61671453874
4.42136042474
4.06116655648
4.02985470732
5.0
4.79813885715
3.65798666674
4.31599359542
5.0
3.40713307899
4.97042335134
3.65780380932
4.65372495468
4.99635952061
4.13146746181
3.69379808791
3.30542111978
4.95757784667
4.66208944505
3.80777604267
2.59990027045
4.71769827096
4.51192047218
4.96436401513
4.96116042984
2.99651956589
4.70865138144
3.63083625414
4.25574834187
4.050940755
4.31908465854
4.55220831957
4.99549199499
3.50506904261
4.84708357805
4.55256680612
3.96355476641
4.65407156649
2.7217336671
3.33752564958
3.95457562802
4.26873244861
4.35701068232
4.03914657018
4.82997415019
4.71594632828
4.24563384889
4.99931942197
4.66546967225
4.61543435319
4.99187882785
4.99905020064
4.08090434558
4.69955236494
4.98780479507
4.25211604711
4.40981432759
5.0
4.37566213724
3.65800156588
5.0
4.83922448211
4.04449125579
4.6598318025
4.57337974531
4.87787520928
5.0
5.0
4.90480061483
2.53908935778
4.63635662967
4.39371868506
4.01593130673
2.93231350117
2.87956475192
3.98691209458
4.65101341028
3.11505706993
4.25929738679
4.74628817443
4.49231281851
3.51307086567
2.49729038401
3.51983227528
3.60683627745
4.67990862814
4.81618164983
4.3254584651
4.55341946543
4.30472297919
4.8413959027
3.23612338556
4.34564869494
4.62062682542
3.51285130232
3.2657911932
4.56727872643
3.20400897544
4.95106490481
3.7933297518
4.16867512866
4.42473390649
4.99933505799
3.94829209033
4.90612502925
4.15013658997
4.69955236494
4.99845139523
3.01469586417
4.92008004831
4.95278490357
3.73414460189
4.99185443851
2.38510531179
2.74812633017
4.94030075403
4.15322189518
4.1926121501
2.71132840345
5.0
4.58847516419
2.83666783733
4.96405914912
2.88778407085
4.97957902188
4.78032222496
3.8187834736
4.59284158357
2.5599877797
4.00826692238
4.32212868956
4.71346955886
3.71814164558
2.33849664712
4.50245981737
3.62789029087
4.94454016798
4.54217576488
3.68376124091
3.26912677862
4.16012274756
4.9685996807
4.97830695789
4.69955236494
2.75290273563
5.0
2.54120315499
2.93045809191
4.97733773654
4.2826931065
4.19239779774
3.83091647756
3.2679682678
3.20417928365
4.62357804237
3.68780580952
3.96058281537
4.65372495468
4.61861525513
3.40801673451
4.63711973138
4.593247748
2.64592992983
3.52426141513
2.47389777622
4.70587711709
5.0
4.98930105326
4.96116920741
4.49642614382
3.23004925061
4.32326227758
4.31375603502
4.71372978241
4.96613559001
4.14053681987
3.23358482712
5.0
4.50566376124
3.5350641787
2.88778407085
4.4760904116
4.99998907827
4.69661038456
4.66569254312
3.68952397669
4.90502838667
4.17900561344
4.99268454632
5.0
4.99597483338
3.98555526997
4.19266637262
4.96873662921
4.98837828293
4.54817410795
2.93609849809
4.33522343713
2.47368191318
4.7402884033
4.71879305903
4.65372495468
4.60889476628
4.4760904116
4.4467868893
4.58958894979
3.44060069526
4.7333352219
5.0
4.99271770576
4.86186117567
4.99547103062
3.44351541395
4.52333946803
4.59782773679
4.52670935909
4.90573745391
5.0
4.49414478303
4.96613559001
4.96865208848
4.99989339318
4.66328553058
4.36229698121
4.95769637521
4.26936280749
4.00152074287
4.32947022455
2.74494956979
4.63711973138
4.98671174345
3.79467004717
5.0
3.21632026168
4.00152074287
4.1904973077
4.23765037853
4.08600839165
4.39122953612
2.99282988568
4.90302152417
4.99995214325
3.91637022748
4.2307886026
4.99795119623
5.0
4.34680937995
4.97627561737
4.41058901283
4.98129789564
4.97957902188
3.00365478034
4.99931942197
4.98672232284
4.12935260684
4.2367874742
3.53429899073
2.33849664712
4.80885010225
4.21776204128
4.2367874742
4.69004334191
3.05266381785
4.24645059624
3.75923803558
4.59217052628
3.40252080018
5.0
3.40345670096
4.28264802955
4.99999695982
5.0
4.58976096267
4.25361208374
4.34418787756
3.25045856466
4.58239357312
3.93756143741
2.99142752447
4.49613646041
2.72961075123
3.49262638406
4.71969720258
4.70143184783
4.99685608585
3.99609875129
2.7217336671
4.67881014993
4.37371177282
4.39088820619
2.76469077641
3.22343893107
3.32638422195
4.12168672408
4.16588589556
4.74081462715
2.38650672085
3.39737604391
3.85552093185
3.93205378529
4.59529741093
3.91667999839
4.27631040834
4.25548198469
4.66327107905
4.31753633693
4.61259256475
3.04500571627
4.9966105003
4.98117552416
3.37139959382
3.98659271879
4.3183676594
4.74372868214
3.23308497335
4.28256692025
4.22574813055
2.7294951052
4.98826705072
4.60889476628
4.42792302757
4.50373870223
3.78585788157
4.98874575894
4.99470468939
4.42719562276
3.22705982408
3.31941155053
4.17577029496
4.66839656325
2.60881016388
4.90693422847
2.96190070096
4.71266202684
3.34772619255
3.56671804553
4.59449074459
4.25483582269
4.44535719703
4.15061856851
4.52199666508
4.00152074287
3.25045856466
4.41610733832
4.39867685728
3.44351541395
3.20679060602
4.99999000847
3.18752747529
2.73473705164
3.83145462555
4.70544910969
4.01130815201
4.42592877069
4.25619403843
3.83731497948
4.90995972488
3.46860501347
2.93045809191
4.55840719084
4.01849919347
4.47429875066
3.91667999839
3.66183002008
4.17719791397
4.73137649862
4.43472553766
2.70300643781
4.67302001137
4.96116042984
4.90317928403
3.19735749556
4.71775051156
5.0
4.99003256104
3.25045856466
4.35312837239
4.62023867921
4.35750444893
4.70544910969
4.41610733832
2.70300643781
3.75485460079
3.48482418487
4.6659105483
4.49577215673
2.95889802512
4.99885707672
3.97334262082
4.7215029868
4.96116042984
5.0
3.2197007999
4.49863714717
3.61573804218
4.48984852834
3.91030343581
3.92862961341
4.99029767132
3.20400473177
4.5890563838
2.91214110363
4.99998907827
4.39014360716
4.2535221288
3.94116142151
4.14053681987
3.68805122558
4.43691825697
3.9075574092
4.59599246433
4.96809984493
4.47988152589
4.78118116801
3.22705982408
4.89411308397
4.70445188805
4.61846545813
4.42927528773
2.96190070096
3.2994806911
2.54050880934
4.12452017369
3.9075574092
3.81837487868
4.69955236494
4.07467211585
4.97746344947
3.81873618353
4.37605397438
4.98076110027
4.60278261669
4.98183750057
3.34384126583
3.96936522919
2.95480294887
2.75963412445
4.52199666508
2.77488734615
3.58317719658
4.40457303224
3.99302412655
4.99691620228
4.21281609254
3.26383341895
4.64845465282
4.09433076986
2.52296057687
4.12168672408
4.71875292899
3.33475739144
4.62315823895
4.54120399766
4.60510096991
4.28604360476
3.92465789583
4.97412893617
4.33837632272
4.42196585171
3.76654860701
4.26392705414
4.2356769531
4.59614596986
5.0
4.98523804917
4.52516652177
4.14666239011
4.19606357759
4.33522343713
4.42973623798
4.99107469999
4.30366653644
4.98665125003
3.41517248429
4.99379699553
2.77133548647
2.60349533905
4.26124460842
4.68732389251
4.47494254912
4.32591137033
3.90733013077
4.15166025392
4.25713714452
3.82545352561
4.26569441698
3.78500844902
4.29737247859
4.40583202779
4.29009114939
4.03002719607
4.26015058124
4.30972313794
4.63123637701
4.03567827027
3.94083282252
4.45721705492
4.83686349569
4.29722995757
4.68891863362
2.64847030092
4.84707883475
2.33642598051
3.95422052049
4.52920935218
4.47497355785
4.59120971967
4.68873235458
4.55345911766
4.33604883395
4.24863563824
4.30110242373
4.99994003742
3.2093830381
4.66848352163
4.98593543174
4.99110270502
4.49613646041
4.97528855804
4.25713714452
4.08511308735
3.92008992934
4.16322420683
3.06124722732
3.47468014646
4.23029333407
2.59466302896
4.83643968264
3.91656799234
4.49781757332
3.92276361261
4.26873244861
4.64842400741
4.97528855804
4.57026050949
4.31647941746
4.34974949332
2.75963412445
4.49291987496
3.09633805743
3.44351541395
4.86649005919
4.42722084287
3.22975335781
4.56865345853
3.89545192181
3.15834666023
4.99995214325
4.2367874742
4.81538006121
4.01023041064
3.99452859208
4.07660156637
4.16515670476
3.96746008473
3.121241012
4.89717257856
4.83686349569
3.98573299448
4.82693011972
3.94395894774
4.28365905624
2.54120315499
5.0
3.70679253399
4.2476052537
4.23716711217
2.93125249385
4.23792082253
4.93587873108
4.96613559001
3.35557061536
3.44654533891
3.95930411266
3.98644579844
5.0
2.6782262395
5.0
4.13512149051
4.69955236494
3.31136604073
4.97396715451
3.05854169328
4.97328464647
4.40388226178
4.19219538222
5.0
4.66569254312
4.14053681987
4.84708357805
3.41268216886
4.96442262511
5.0
3.0023176603
4.97856093321
4.60273531401
4.63118053117
4.66349003753
4.37066161154
2.52643306588
3.80896377382
4.84708357805
4.76350805491
4.38274564129
2.88286556032
4.4760904116
4.71330462558
4.99268454632
4.32762901811
2.75963412445
4.36947325661
4.21306169736
4.28692403334
4.47988152589
4.71879305903
4.9884651779
4.94443140384
4.5387554568
4.34911024216
3.7776579932
3.28256410374
5.0
4.84200071396
3.67888260905
4.11487909293
4.49098672552
3.52375486618
3.68694240591
4.34418787756
4.51499735466
2.73028672162
4.56057005854
3.77929757076
4.33506336302
3.43677166135
4.67439843954
3.83632313488
4.13535479428
3.6211132378
4.73409322634
4.32326227758
5.0
3.72469665597
5.0
4.22171659179
4.54145867405
4.28256692025
4.72286965004
4.4922562537
4.96873662921
4.67204833485
4.28113606948
4.08659477779
4.68159535972
4.25940162253
4.2367874742
3.35780201687
4.5205205167
4.73248130379
3.33807413566
4.70424918343
2.36000103235
4.99916218485
2.61068292301
3.9403583842
2.54050880934
4.49613646041
4.78931138455
4.65492102506
3.77684600464
4.95170637689
5.0
4.99122562638
4.22492553077
4.71879305903
5.0
4.97528855804
3.07741846826
4.84708357805
4.59751834577
2.94246871703
4.80677429028
2.58847209888
2.67041918308
4.11599451767
5.0
4.13873631113
3.86483754637
4.4418986018
4.68993903995
4.21726756871
2.94348964726
3.99279158117
5.0
4.13225770128
4.2604711173
