4.15643130193
4.42745365534
3.92718360462
4.02837164771
3.61554386767
3.67837682066
3.30998696478
4.98585942774
4.18732839439
4.36008820874
4.44233481879
4.63299800579
4.73251800602
4.27587534877
5.0
4.41150756206
4.5161895716
3.18680393478
3.95194763958
4.98798183044
4.89483075917
3.37182409522
3.18371331544
4.99097505877
2.52415833193
4.49984197987
4.3514250053
4.41548985582
4.70448399892
2.50249210649
4.18258194674
2.58912381952
2.6105375158
4.9965463469
4.85557271809
4.37149701119
2.52756538148
4.08908873701
4.79707858576
4.49226781197
4.09802717031
3.95893474816
3.15607789738
4.97914763617
4.29907912604
4.16265634246
3.88736675364
3.43008388206
4.66624922467
3.57134334619
2.77401209149
4.9991404072
4.97451563869
2.60458947536
4.1605646133
4.75518132929
3.70751110359
3.66732766075
4.94171651538
3.5446837216
4.20803597995
4.24363548052
4.25332894679
3.56348044387
2.53223713305
3.82977660857
3.74146787365
4.43914974901
4.54332708117
4.10975318343
4.75330542326
4.55186403963
3.67910923039
4.56823518509
4.90777468698
4.2571153834
4.66374179302
4.40998029058
3.94221738186
4.39722957261
4.73857488371
4.1041489071
2.88893178418
3.94028168434
4.62251848769
4.43738487057
4.46442556676
4.11793738846
3.88202723308
3.78293523947
4.22318327118
4.275424663
4.44995916512
4.34017521214
2.5226693895
3.66944936993
4.05832032934
3.63798429519
2.7903414887
4.70961241312
4.9848883145
3.8500657352
3.67610637645
3.91317847809
4.999170487
3.21799650678
4.74557410488
4.15317493481
3.97104898227
3.36930585366
4.99968612852
4.70725122941
2.87166866601
4.23390163052
4.39101375438
4.6859179438
3.96861610093
4.28390493034
4.1845043825
2.73366744331
3.38799190923
4.94626701333
3.04418839858
4.18193768686
3.79417728038
4.97569975711
4.24690705777
4.9989107015
4.30385967539
3.70474958664
4.63301741797
4.41819766581
3.53220613969
4.99595190092
4.06720503231
4.2906459383
4.82100040133
2.62500340197
4.9986994091
4.99833628623
3.16965241951
2.61843421491
3.527314842
3.93612401686
4.26183433359
3.62153848475
4.34503739405
3.9445611542
4.58572527819
4.1730768506
4.50874109379
3.65480852728
4.71970231909
4.99805794858
4.98733800651
4.25556733107
2.66237637193
3.7066562439
3.47347690743
3.06116608572
4.99965924952
4.50813315351
4.27290327661
4.7933835534
4.11514751912
4.30449496606
3.83406717092
2.58368827345
3.47304466674
3.81322297338
4.59438210611
4.02968088964
4.99718091632
4.18412406808
4.96751141029
4.47479504942
4.35404716108
4.94736993308
2.66755580302
4.31907853055
2.59106410957
4.12273105009
4.09964875689
3.70876264744
4.98856165947
4.12200222312
4.8358758988
4.53423917768
2.64033967986
3.75856537291
2.94699925995
2.78628092336
4.36351308857
4.20436591602
4.57833121437
4.36068701381
4.99916901129
4.87262569808
4.52117259699
3.56514981479
4.30701215205
4.99999980949
4.34024394458
3.46188301999
4.518718575
4.82976344653
4.65510873465
4.17893233257
4.09512909261
4.98173104642
3.11096223209
4.2015536141
4.40406578778
4.99625412426
4.19924872325
3.12693495692
3.88639588509
3.51092886482
4.66884667303
3.76386504109
4.9955872164
4.97825165243
2.90635460656
2.52972368882
4.99894406249
4.495444105
2.66956704027
4.86408799898
3.34676679963
4.97467575585
4.0745856776
4.75775230447
2.63389420116
2.66095852885
4.99980680269
2.64054930465
3.20136262447
4.61687797915
4.99699619423
4.67227260534
4.06297901957
2.96440004686
4.33529438266
4.06230078252
4.65374354716
3.58515850141
2.98827763083
4.06789191735
4.2317664216
4.96976242325
3.43369642504
4.92478635969
4.99969176037
2.65072809737
4.93063758803
4.94808485062
3.090733862
4.44031433006
4.19252678902
4.1920464408
2.65676061509
3.26642901914
4.06508972843
4.78814636687
3.09318582478
4.87914382728
4.64556333527
4.53074144112
3.80659252508
4.77149546124
4.99628270944
4.99505991589
4.9672117551
2.51526873351
3.46059431655
4.92998396499
4.99757382608
4.37730073146
4.55446984474
3.49426843329
3.62930251094
4.24914298775
4.61716582323
3.5788510312
3.91248371192
3.74426855664
4.35488088095
4.27199719687
4.28105627893
3.51656504164
3.46620699237
4.53556269919
4.49127551959
4.70049608616
3.79526022374
4.76914132897
4.98341602207
4.56127920536
4.99453849093
4.86138242846
4.97445299286
2.60612272358
3.41074894861
3.3276119191
4.72290142664
2.41993934654
3.75905296624
4.62575957866
4.30711040395
4.27135446488
5.0
4.84202184452
4.51909203218
4.61452865183
4.35220996838
3.59773010108
4.04827978819
4.54101144235
4.26584846233
4.63725293953
2.52422200624
2.54863397566
3.95473926397
3.57077490746
4.54823672797
3.21575495061
4.98250882573
4.08701941366
4.37522927805
3.95390856739
3.93651378003
4.86926333337
3.11604000846
4.63405334816
3.20173560784
4.99107469068
4.9889377062
4.24659922295
4.34177951386
2.65479900779
3.29081154827
4.00998133975
4.08630172991
3.61997758358
3.57243864294
4.39264836689
4.45712720924
2.71336496329
4.45216824339
4.73844629282
4.63617000021
3.54796829104
3.92538320998
3.05430106645
4.7568137071
3.56282760401
4.56401484283
4.49774408509
4.49049622239
4.49889283426
2.51812208083
4.28492684245
4.7304177912
4.28847503348
4.50002133611
4.2387220308
3.95430051271
4.4669824549
3.88959676614
4.55324260351
3.15529607298
4.97706626907
3.10735184365
4.7672170645
4.99454528263
2.74640901146
3.84068272499
4.99363318146
4.63577423202
4.39183307354
2.69479193694
3.25706752496
4.97301242235
4.84963477749
4.98987573146
3.75773361878
4.52411035773
3.62835198601
5.0
3.81400063998
4.20618899739
3.34146544946
4.72764797746
4.96182511804
4.19181392754
4.0967701654
4.98955902309
4.41423446016
4.23631457235
4.43085991246
4.48028423905
4.10450684788
2.69125230454
3.00509474783
3.88060910769
4.0937618269
2.62092009704
3.59372743959
2.68265469136
4.38489378472
4.47759091237
3.97389300349
4.53911755992
4.27241420683
2.76730618787
3.8818557432
3.57835153688
4.50926787467
2.78994934394
4.052711195
4.28131437889
4.99002275432
2.56252311902
4.79439977753
4.99835172297
4.99948002017
2.46877447209
4.98323583619
4.55241042309
4.17280004103
4.32345778864
4.78939845374
4.25767410332
2.85185059849
2.60402000762
4.5649153708
4.28082825751
2.64018534325
3.41712795101
4.92448312298
4.0757459484
3.93636198032
4.87737486099
4.10645067471
4.51087810658
3.86872117329
3.49315359686
4.98059268308
3.13407649946
3.35486528599
4.64973424279
3.96169040169
4.16573250522
4.334535552
2.61906068046
2.71613499821
4.99999249691
4.60778847915
4.91709093
2.68659334868
3.95789187676
2.41559338904
4.46162463438
4.19306304574
2.55516833971
4.62546591126
4.60538152392
4.62877086613
4.98606360526
3.94308724499
4.95807151191
4.0321581873
3.99841963515
4.54202021172
2.56080397668
4.51695004346
4.4223016958
4.54005045721
4.14157505509
4.06045991548
2.89711894297
3.77330393211
4.16023470643
4.69078202774
4.15655546639
4.18058144307
4.9470655132
4.29750483341
4.42367177043
3.63461612346
3.97775247957
4.65173422732
3.84030143547
4.44857140391
4.12505927822
2.54332270266
4.14167293299
3.97297284844
4.06394464543
2.59508966118
2.769571907
3.79766428615
4.99927736191
2.86183561727
4.75020217813
4.55084358525
3.35575944976
3.89740632015
4.85822036945
4.49288455218
2.53685985473
4.47911363654
4.27217777291
3.03144899625
4.67285842942
4.74853446728
2.99864170886
2.67811372062
4.98846296818
4.21254860587
2.91352714686
3.72041074622
3.29692179212
3.04060045252
4.31546395193
2.51486078187
3.25701330052
2.98166773716
4.80943731668
4.07843582182
4.98970578888
3.84755631974
4.32537176314
4.99989072327
2.95383497357
4.4688697338
4.73453731409
3.5661616448
3.48118394461
3.54793307087
3.49055335231
3.54954482414
4.16265634246
3.20612090916
4.4865129712
4.97889621337
3.95875168556
2.69519948386
4.80414478877
4.29562175853
3.76727309236
4.86116938703
4.97856356115
4.22817292692
4.53178582285
3.00336636324
4.04391586189
3.74888106685
4.98106634539
2.5998340997
4.7222611452
4.40310624742
3.30265224911
3.0263494854
4.55148055596
4.65156704291
4.46206536279
4.81356682423
4.30694631621
3.50997677029
4.85414135365
2.60221916441
3.36649026473
4.47007587725
2.88866844349
3.971793158
4.32968970189
4.07636729437
4.9904874593
4.99999115141
4.36500066965
4.17857873911
4.88399386782
4.99840915015
4.11636260947
4.55260165654
4.81552806126
2.83958392517
2.81293841032
3.12735062774
4.9953051488
3.25569846618
4.32260386714
4.98012908481
3.82843000939
4.52427567919
4.41807422628
3.65974949904
3.35324550441
4.91603332175
4.27255778549
2.52366682616
3.78281209035
4.98506575458
4.76942394105
4.99739644802
4.95620562163
4.27120896811
4.13056820288
4.64225907981
4.61691081246
3.04213785615
3.65204040405
4.39761684333
2.5218644014
4.76569361989
3.59574349796
4.45657779019
4.69893385651
2.77465437831
2.80470220823
3.200529535
4.98879084246
4.99744153013
4.30685929231
4.03684972634
4.29374830039
3.66169198615
3.90138123383
4.99822368742
4.67125291457
2.75431320864
4.5030085443
4.55923220707
3.97027726675
4.35303415278
3.94485788216
4.23693243692
4.99605118306
4.25223365843
4.75704335303
2.51510301297
3.61554386767
4.9904754467
4.99720110549
3.78513169988
4.99999479195
4.47502307624
4.32968381683
4.45786672572
3.86139205569
4.24512751611
4.2590954249
4.34245951336
4.12801135275
4.56376831523
3.82132463786
4.57798355145
4.85266116453
4.16778035109
2.67119921149
3.11012892586
4.45829504791
4.26265194005
4.71346771436
4.21143740433
4.61249127028
4.56529405909
4.63171130185
4.23410925819
4.28011561569
4.41299956279
4.99028886661
4.9909537084
3.46685320886
4.41335596258
4.63689665019
4.53565201025
4.2812867224
4.27429492196
4.12428504871
3.41365778345
4.4967366796
2.50925750365
3.08616036125
3.45821930665
4.74833590072
4.22745314393
4.52868195046
4.31755960366
4.858450245
3.65755071959
3.82154873107
4.98301957475
2.53286445699
4.58010716038
4.97412092291
4.84389566189
2.75133485995
4.3744805297
4.92280484174
4.29838159261
4.34051201501
4.99344430198
4.69164601319
4.34729731306
3.89184823684
4.42382195697
4.0770657004
4.17479609043
4.01463198175
4.9904109387
4.29442581249
4.47702017158
4.10670226542
4.35530901503
4.79123512939
4.47710514986
4.0387554072
3.48671855287
4.8861993972
4.64868296226
2.98657155729
4.220079617
4.41014205674
4.67285904066
4.22016345731
4.84153715392
2.61033619767
3.3204059703
4.59952467936
4.41816802232
4.89553149339
4.99532762583
4.29412092983
4.29220574826
4.38741797287
3.30457067177
3.97390603357
4.37551450581
3.1539506537
4.9838523971
4.91556103917
4.94491818603
3.96321836538
3.49038556835
4.69328370352
3.2260625564
3.07970442072
4.20406514443
