4.0120296179
4.1786602009
4.06935906989
4.38058495052
3.87727087776
3.26302307753
3.95032200907
3.99386842497
3.90808815152
4.03555944344
4.15594779999
4.82297829634
4.71579433053
4.8444233809
5.0
4.25450202198
4.03093108924
3.38388347648
3.79099444874
4.6875
4.09450976888
3.95330156668
3.75953048289
4.38684513592
4.17705098312
4.51007563052
3.81096363202
3.81351175676
4.84416349978
4.21806063722
4.38982242274
3.94908554356
3.22168783649
4.62167106198
4.62562563317
4.11373829625
3.5057706174
4.33461951762
4.0650033664
3.88035559213
3.49762039677
3.73204465597
3.87621604278
4.37560167297
4.45530448075
3.62856324902
4.50445931434
4.02411636454
4.3744839642
4.27383070209
4.59755262513
4.89320837704
4.22420681237
3.99668733377
3.96714213979
3.50806714649
3.90963410044
3.78046208982
3.95262774661
4.02706587549
4.22223431915
3.98775871727
4.37905348793
3.72667208285
4.33448641552
4.82134569871
4.28910601045
4.30421959122
4.50047189322
4.23394648924
4.93077734706
4.03154180914
3.50816933451
4.19798275384
4.07462493935
4.42879187453
4.75471777361
4.3746311388
4.47347879593
4.28504396779
4.64746970756
4.07855642156
4.02383968491
4.16599961978
4.70657562247
4.12439494507
4.5
3.37376584723
4.65762821307
4.4062976573
4.46090688711
4.37527379493
4.59144601112
4.59362834541
3.67327233149
4.29527101059
3.86391527856
3.8984648421
4.03346153998
4.45235698506
3.61920601076
3.57129383052
3.98440684226
4.15850281094
4.66917273704
4.34900065408
4.12711832825
4.25161800287
4.05032396101
4.39836057939
4.5577848756
3.94337567297
3.56868320405
3.76773138209
4.55954172368
4.57596125304
4.35872038553
4.40431587152
3.54828483672
3.85306559074
4.04484953574
4.77870466846
3.29387996966
4.03853612957
3.89754248594
3.86951809165
4.65735160829
4.53720591669
4.12589867069
3.26394220943
4.2023504642
4.62840883712
4.14264048725
5.0
3.96110381873
3.95754372069
4.11984798019
4.01579705713
3.77612351433
4.67485979148
4.0915046502
4.07581319948
4.19428613274
4.73016948562
3.88152179428
3.31226045252
4.76556456654
4.09937879392
4.45944726993
4.51096744295
4.74900843446
4.35191735064
4.68002250324
4.8790210742
4.52337434543
3.86210922668
3.52970781626
4.36370601495
4.10620150562
3.3033517617
4.44616334826
3.85626980088
4.17038276195
4.57996372366
3.98852385094
4.46577865971
4.4022869773
4.27803627208
3.69477148608
3.94311788596
4.80710611905
4.06216943936
4.4617171881
4.42961878092
4.26776695297
4.04291305322
4.68413996201
4.87915984879
3.7530940213
4.50426991016
4.41554967181
3.71906589979
4.39025043628
4.61861335503
4.45797572998
4.2446767378
4.50615461747
4.01142976961
3.38534202211
3.78603040877
4.17745693208
3.78628503313
4.72155073292
4.37336152437
4.16666666667
4.36243395841
4.85918938154
3.91350789408
4.58980577276
3.82392574028
4.07497247148
4.93644424173
3.70737321873
3.31225354884
3.89985037962
4.19030850946
4.7239368199
4.76751627304
3.73996645019
4.51540839996
3.91882053694
4.49225990508
4.6518263027
4.76354381745
4.06327960414
4.14109927117
4.2223896705
4.74823064735
4.34897085799
4.09976709208
4.17286860968
4.48569794111
4.29653835474
4.30370843838
4.28571428571
4.36288480299
4.56665730471
4.5627423023
4.11811269713
4.30421959122
3.60509664101
4.79950307977
4.00440592305
4.26419959312
4.856373022
3.61803398875
3.63820120206
4.91500166636
3.50471348641
4.6654785414
3.98449709025
4.16666153561
3.8858832122
4.19809657126
4.30364080656
3.94409621567
4.5228977981
4.03683212532
4.30421959122
3.91562776888
4.42193340765
4.87260996841
4.25
4.0508673462
4.67479561218
4.02317948961
4.36363514963
4.29649014414
4.24518841975
4.41210911967
4.28571434584
4.60109025096
3.9778438428
4.34466196843
4.11803117331
4.60287835561
4.59307477365
4.36154423971
4.34725007443
4.35281521557
4.17038276195
4.75862776946
4.25589698198
4.54353787879
4.59353491212
3.92857142857
4.30421959122
3.50222965717
3.97731921686
4.22314263945
3.84756998592
4.0708894476
3.76773138209
3.67850767377
4.30736653399
4.02832093151
3.83630209476
4.05887198213
4.41532717078
4.00777899603
3.83227996156
3.91701535783
4.32574185835
4.0
4.09012271839
4.52542404756
4.73495909857
4.52327020157
4.09752412504
4.71155595176
4.41031028819
4.03763314992
4.04303349962
4.28706121574
3.53721095193
4.40985218567
4.4891017546
4.34828307035
4.65954563525
4.2780561841
4.99999997454
4.51305402316
4.45838517916
3.91736677378
4.33762791228
4.38587160548
3.82789671097
4.6434514093
3.77488979694
4.53566317073
4.16624789444
4.30034529768
4.79667167169
4.03480367921
4.22359503847
4.25542183065
3.65727511721
4.14170410619
4.63723876298
3.73400952437
4.31366781715
4.91245279435
4.04460289549
4.43520779201
4.24201720246
3.51949235704
4.09816380129
4.11374306092
3.72590302815
3.83111315292
4.08113883008
4.49590722224
4.06327062149
3.70971123141
4.08409766709
3.61285156513
3.99403135044
3.27023828362
4.32574185835
4.46221431803
4.28239074118
3.86140951499
3.69149404708
4.12835494566
3.9179460168
4.59153803524
4.6492304596
4.40558478681
4.65513079962
4.59340531494
4.54852330409
4.35292810897
4.2398197342
4.62981446708
4.08165702711
3.56672128301
4.56237195933
4.23384279307
3.43738352426
4.45311642236
4.33469356239
4.32911663314
3.92857142857
4.61242043671
3.99463199089
4.71248515974
4.1734464389
4.60655893006
3.58253175473
4.11073630281
3.86876720588
4.27136263485
4.0751934394
4.53692848739
4.17038276195
3.87201922055
4.08019305577
3.69974726706
4.99999868585
4.16434051624
4.54135957851
4.39048680942
4.50783835011
4.28928921601
4.5032946985
4.19090280657
4.45089970685
3.82911101174
4.36131165782
4.02388578456
4.18373649088
4.14831228273
4.26845695583
3.990711985
4.01356835426
4.12078919802
4.17705098312
3.62049592868
3.7664382984
4.42312899611
4.28534221067
4.0829649716
4.85507533948
4.48052456121
4.34725007443
3.42490603416
3.86357120028
4.99140849154
4.13507363204
4.02610608981
4.6721239455
4.26435624477
3.44758892184
3.93040474548
4.8072849006
4.90161722546
3.91961863667
4.00316022209
4.17231121469
3.93724614083
4.37270662303
3.40028962792
4.22646003848
4.27090895843
3.85237839578
4.19030850946
4.06792478247
4.41444971792
4.1490392512
4.70482100011
4.0537999861
4.68242127644
4.82676077936
4.28600923606
4.44066483073
4.30680894549
3.51618794859
4.38684513592
4.35501675461
4.70723569615
4.76054649741
4.53306725769
4.01829371403
4.4501885526
3.82472450675
4.60741561362
4.81455024943
4.18433130761
3.4663060177
4.60922096084
4.26772464644
3.74118437644
4.29664651076
4.68618658047
3.46754556639
4.61755576784
3.72380369973
4.54809814741
4.45651120592
4.17034922645
4.49968877052
3.99629968203
3.77721954352
4.90889699928
3.84643825742
3.9166923485
4.75
3.9735647902
4.25401210831
3.61803398875
3.58253175473
4.17038276195
3.95492988891
4.12380243437
3.58253175473
4.12185461894
4.46931590361
4.58343951315
4.47637098194
4.09461035371
4.55597569489
4.46770592797
3.84699864423
3.86077928032
4.17897844775
4.0178164811
4.29556006382
4.40161608652
3.83344073003
3.66390929025
4.72715269828
4.05305338535
4.66681923612
3.7925967299
4.26211682951
4.72218075293
3.1717190102
4.0467622114
4.44072808266
4.38982236505
3.78445717033
4.20728781669
3.49650518255
4.24246495011
4.56300953267
4.18249722804
4.38550554761
3.66928922674
3.86365421558
3.89548988932
4.375
4.65700959067
4.12891665651
3.76773138209
4.54912806796
4.19390040835
3.55641369261
3.64108866147
4.17038276195
3.69664102243
4.26435624477
4.3214839874
4.02364420091
4.46787229369
4.29133430116
3.70950444001
4.4797333046
4.72612524872
4.06132371113
4.7571735904
4.43399467131
3.54535969801
3.62963733119
4.292842914
3.7792629073
3.62024900255
4.57985797247
4.34047761924
4.43469995018
3.48955562993
4.60655893006
4.72222222222
4.85476693222
4.50979084372
4.65140395909
3.91052957709
4.37250995975
4.19873152225
4.07139332195
4.0383617763
4.50053900854
4.62142814699
4.52495691754
3.94337567297
4.54191111396
4.51733151734
3.1855757795
4.85718331557
4.33327374429
4.00755672017
4.180723054
4.29403853285
3.61923789886
4.41685684593
3.86382421273
3.39992743144
4.36274961784
3.61722068778
4.41471995021
4.90434501529
4.57905294362
3.97992082931
4.5395551828
4.49225523577
3.98608380241
4.60102170986
4.14362194859
4.29942880762
3.52010247109
4.21638572734
4.80592443688
4.11373829625
4.09090909091
4.78048953641
4.36587735053
4.37793506495
4.13294696939
3.95587124174
3.19736272076
4.55224816903
4.80009365107
4.02830568377
4.20312017656
4.26776695297
4.43161691875
4.76859366099
4.24224091679
3.61355780813
4.09963201326
3.84917468338
3.83529475984
3.82582521475
4.42643152872
4.40273522828
3.82725272928
4.42879187454
4.18487023079
4.3999362707
4.3647058695
4.15319594225
4.64395891712
4.09924112894
4.20911492722
4.61515165791
4.57919168509
4.16983315418
4.87316523138
4.46786218561
4.28109291034
3.94337567297
4.5092898432
3.61803398875
4.48626356231
4.18960545362
4.50668284266
4.16955403484
3.93437375368
4.09061121515
4.61288563682
4.47428730287
4.6736802552
3.42179614374
3.8762637789
4.26435624477
4.79966552752
4.56239477846
4.88452315404
3.70763326123
4.29213835589
4.30197247793
3.90258738126
3.83488738276
4.34812345501
4.26776695297
3.66809238912
4.15854830073
4.70581859937
4.73098747633
4.52832565487
4.00319745039
3.77664867365
3.85665581935
3.79064672066
3.81566718607
4.69987473639
3.75194519058
4.2580893786
4.52216447932
4.53213702077
4.31682824932
4.75797823452
3.67990049023
4.6974789111
4.50185318528
4.48716105567
3.72105215476
4.46390369515
4.52042138947
4.69401142515
3.86082610449
3.73187791968
3.92329252129
4.07839764991
3.14495187093
4.51007563052
4.37507968552
4.74458663828
4.30674530139
4.45295673905
4.48870312303
4.87366264818
3.4247989478
4.49858641419
4.0
3.34971259391
4.16599961978
4.30259312537
3.75438175619
4.28650313407
3.5529185148
3.7266061292
4.32288386424
4.44456796552
3.9994474581
4.4317601828
4.58333333333
3.70886646616
3.74999615171
4.43431555669
4.45126125316
4.62464125488
4.38684513592
4.97776989391
3.93693213659
4.77149253411
4.02356964666
4.15252459487
4.60184420497
4.28571428571
4.34772699007
4.36874632643
4.79873633295
4.07929081731
4.65057100311
4.61288563682
4.5089596094
3.6844418251
4.91500166636
3.90467466964
3.56046058671
4.07830695983
4.50847082734
4.76420445371
4.44199505503
4.4236663352
4.39156000724
4.43170254763
3.63147714242
3.73567778648
4.75614352792
3.67432590817
4.71496398309
4.38982236505
3.70937948574
3.69522860933
3.33333333333
4.86428127034
4.17038276195
3.86611239887
4.3603075708
